0 0
0 1
0 2
0 3
0 4
0 5
0 6
0 7
0 8
0 9
0 10
0 11
0 12
0 13
0 14
0 15
0 16
0 17
0 18
0 19
0 20
0 21
0 22
0 23
0 24
0 25
0 26
0 27
0 28
0 29
0 30
0 31
0 32
0 33
0 34
0 35
0 36
0 37
0 38
0 39
0 40
0 41
0 42
0 43
0 44
0 45
0 46
0 47
0 48
0 49
0 50
0 51
0 52
0 53
0 54
0 55
0 56
0 57
0 58
0 59
0 60
0 61
0 62
0 63
0 64
0 65
0 66
0 67
0 68
0 69
0 70
0 71
0 72
0 73
0 74
0 75
0 76
0 77
0 78
0 79
0 80
0 81
0 82
0 83
0 84
0 85
0 86
0 87
0 88
0 89
0 90
0 91
0 92
0 93
0 94
0 95
0 96
0 97
0 98
0 99
0 100
0 101
0 102
0 103
0 104
0 105
0 106
0 107
0 108
0 109
0 110
0 111
0 112
0 113
0 114
0 115
0 116
0 117
0 118
0 119
0 120
0 121
0 122
0 123
0 124
0 125
0 126
0 127
0 128
0 129
0 130
0 131
0 132
0 133
0 134
0 135
0 136
0 137
0 138
0 139
0 140
0 141
0 142
0 143
0 144
0 145
0 146
0 147
0 148
0 149
0 150
0 151
0 152
0 153
0 154
0 155
0 156
0 157
0 158
0 159
0 160
0 161
0 162
0 163
0 164
0 165
0 166
0 167
0 168
0 169
0 170
0 171
0 172
0 173
0 174
0 175
0 176
0 177
0 178
0 179
0 180
0 181
0 182
0 183
0 184
0 185
0 186
0 187
0 188
0 189
0 190
0 191
0 192
0 193
0 194
0 195
0 196
0 197
0 198
0 199
0 200
0 201
0 202
0 203
0 204
0 205
0 206
0 207
0 208
0 209
0 210
0 211
0 212
0 213
0 214
0 215
0 216
0 217
0 218
0 219
0 220
0 221
0 222
0 223
0 224
0 225
0 226
0 227
0 228
0 229
0 230
0 231
0 232
0 233
0 234
0 235
0 236
0 237
0 238
0 239
0 240
0 241
0 242
0 243
0 244
0 245
0 246
0 247
0 248
0 249
0 250
0 251
0 252
0 253
0 254
0 255
0 256
0 257
0 258
0 259
0 260
0 261
0 262
0 263
0 264
0 265
0 266
0 267
0 268
0 269
0 270
0 271
0 272
0 273
0 274
0 275
0 276
0 277
0 278
0 279
0 280
0 281
0 282
0 283
0 284
0 285
0 286
0 287
0 288
0 289
0 290
0 291
0 292
0 293
0 294
0 295
0 296
0 297
0 298
0 299
0 300
0 301
0 302
0 303
0 304
0 305
0 306
0 307
0 308
0 309
0 310
0 311
0 312
0 313
0 314
0 315
0 316
0 317
0 318
0 319
0 320
0 321
0 322
0 323
0 324
0 325
0 326
0 327
0 328
0 329
0 330
0 331
0 332
0 333
0 334
0 335
0 336
0 337
0 338
0 339
0 340
0 341
0 342
0 343
0 344
0 345
0 346
0 347
0 348
0 349
0 350
0 351
0 352
0 353
0 354
0 355
0 356
0 357
0 358
0 359
0 360
0 361
0 362
0 363
0 364
0 365
0 366
0 367
0 368
0 369
0 370
0 371
0 372
0 373
0 374
0 375
0 376
0 377
0 378
0 379
0 380
0 381
0 382
0 383
0 384
0 385
0 386
0 387
0 388
0 389
0 390
0 391
0 392
0 393
0 394
0 395
0 396
0 397
0 398
0 399
0 400
0 401
0 402
0 403
0 404
0 405
0 406
0 407
0 408
0 409
0 410
0 411
0 412
0 413
0 414
0 415
0 416
0 417
0 418
0 419
0 420
0 421
0 422
0 423
0 424
0 425
0 426
0 427
0 428
0 429
0 430
0 431
0 432
0 433
0 434
0 435
0 436
0 437
0 438
0 439
0 440
0 441
0 442
0 443
0 444
0 445
0 446
0 447
0 448
0 449
0 450
0 451
0 452
0 453
0 454
0 455
0 456
0 457
0 458
0 459
0 460
0 461
0 462
0 463
0 464
0 465
0 466
0 467
0 468
0 469
0 470
0 471
0 472
0 473
0 474
0 475
0 476
0 477
0 478
0 479
0 480
0 481
0 482
0 483
0 484
0 485
0 486
0 487
0 488
0 489
0 490
0 491
0 492
0 493
0 494
0 495
0 496
0 497
0 498
0 499
0 500
0 501
0 502
0 503
0 504
0 505
0 506
0 507
0 508
0 509
0 510
0 511
0 512
0 513
0 514
0 515
0 516
0 517
0 518
0 519
0 520
0 521
0 522
0 523
0 524
0 525
0 526
0 527
0 528
0 529
0 530
0 531
0 532
0 533
0 534
0 535
0 536
0 537
0 538
0 539
0 540
0 541
0 542
0 543
0 544
0 545
0 546
0 547
0 548
0 549
0 550
0 551
0 552
0 553
0 554
0 555
0 556
0 557
0 558
0 559
0 560
0 561
0 562
0 563
0 564
0 565
0 566
0 567
0 568
0 569
0 570
0 571
0 572
0 573
0 574
0 575
0 576
0 577
0 578
0 579
0 580
0 581
0 582
0 583
0 584
0 585
0 586
0 587
0 588
0 589
0 590
0 591
0 592
0 593
0 594
0 595
0 596
0 597
0 598
0 599
0 600
0 601
0 602
0 603
0 604
0 605
0 606
0 607
0 608
0 609
0 610
0 611
0 612
0 613
0 614
0 615
0 616
0 617
0 618
0 619
0 620
0 621
0 622
0 623
0 624
0 625
0 626
0 627
0 628
0 629
0 630
0 631
0 632
0 633
0 634
0 635
0 636
0 637
0 638
0 639
0 640
0 641
0 642
0 643
0 644
0 645
0 646
0 647
0 648
0 649
0 650
0 651
0 652
0 653
0 654
0 655
0 656
0 657
0 658
0 659
0 660
0 661
0 662
0 663
0 664
0 665
0 666
0 667
0 668
0 669
0 670
0 671
0 672
0 673
0 674
0 675
0 676
0 677
0 678
0 679
0 680
0 681
0 682
0 683
0 684
0 685
0 686
0 687
0 688
0 689
0 690
0 691
0 692
0 693
0 694
0 695
0 696
0 697
0 698
0 699
0 700
0 701
0 702
0 703
0 704
0 705
0 706
0 707
0 708
0 709
0 710
0 711
0 712
0 713
0 714
0 715
0 716
0 717
0 718
0 719
0 720
0 721
0 722
0 723
0 724
0 725
0 726
0 727
0 728
0 729
0 730
0 731
0 732
0 733
0 734
0 735
0 736
0 737
0 738
0 739
0 740
0 741
0 742
0 743
0 744
0 745
0 746
0 747
0 748
0 749
0 750
0 751
0 752
0 753
0 754
0 755
0 756
0 757
0 758
0 759
0 760
0 761
0 762
0 763
0 764
0 765
0 766
0 767
0 768
0 769
0 770
0 771
0 772
0 773
0 774
0 775
0 776
0 777
0 778
0 779
0 780
0 781
0 782
0 783
0 784
0 785
0 786
0 787
0 788
0 789
0 790
0 791
0 792
0 793
0 794
0 795
0 796
0 797
0 798
0 799
0 800
0 801
0 802
0 803
0 804
0 805
0 806
0 807
0 808
0 809
0 810
0 811
0 812
0 813
0 814
0 815
0 816
0 817
0 818
0 819
0 820
0 821
0 822
0 823
0 824
0 825
0 826
0 827
0 828
0 829
0 830
0 831
0 832
0 833
0 834
0 835
0 836
0 837
0 838
0 839
0 840
0 841
0 842
0 843
0 844
0 845
0 846
0 847
0 848
0 849
0 850
0 851
0 852
0 853
0 854
0 855
0 856
0 857
0 858
0 859
0 860
0 861
0 862
0 863
0 864
0 865
0 866
0 867
0 868
0 869
0 870
0 871
0 872
0 873
0 874
0 875
0 876
0 877
0 878
0 879
0 880
0 881
0 882
0 883
0 884
0 885
0 886
0 887
0 888
0 889
0 890
0 891
0 892
0 893
0 894
0 895
0 896
0 897
0 898
0 899
0 900
0 901
0 902
0 903
0 904
0 905
0 906
0 907
0 908
0 909
0 910
0 911
0 912
0 913
0 914
0 915
0 916
0 917
0 918
0 919
0 920
0 921
0 922
0 923
0 924
0 925
0 926
0 927
0 928
0 929
0 930
0 931
0 932
0 933
0 934
0 935
0 936
0 937
0 938
0 939
0 940
0 941
0 942
0 943
0 944
0 945
0 946
0 947
0 948
0 949
0 950
0 951
0 952
0 953
0 954
0 955
0 956
0 957
0 958
0 959
0 960
0 961
0 962
0 963
0 964
0 965
0 966
0 967
0 968
0 969
0 970
0 971
0 972
0 973
0 974
0 975
0 976
0 977
0 978
0 979
0 980
0 981
0 982
0 983
0 984
0 985
0 986
0 987
0 988
0 989
0 990
0 991
0 992
0 993
0 994
0 995
0 996
0 997
0 998
0 999
0 1000
0 1001
0 1002
0 1003
0 1004
0 1005
0 1006
0 1007
0 1008
0 1009
0 1010
0 1011
0 1012
0 1013
0 1014
0 1015
0 1016
0 1017
0 1018
0 1019
0 1020
0 1021
0 1022
0 1023
0 1024
0 1025
0 1026
0 1027
0 1028
0 1029
0 1030
0 1031
0 1032
0 1033
0 1034
0 1035
0 1036
0 1037
0 1038
0 1039
0 1040
0 1041
0 1042
0 1043
0 1044
0 1045
0 1046
0 1047
0 1048
0 1049
0 1050
0 1051
0 1052
0 1053
0 1054
0 1055
0 1056
0 1057
0 1058
0 1059
0 1060
0 1061
0 1062
0 1063
0 1064
0 1065
0 1066
0 1067
0 1068
0 1069
0 1070
0 1071
0 1072
0 1073
0 1074
0 1075
0 1076
0 1077
0 1078
0 1079
0 1080
0 1081
0 1082
0 1083
0 1084
0 1085
0 1086
0 1087
0 1088
0 1089
0 1090
0 1091
0 1092
0 1093
0 1094
0 1095
0 1096
0 1097
0 1098
0 1099
0 1100
0 1101
0 1102
0 1103
0 1104
0 1105
0 1106
0 1107
0 1108
0 1109
0 1110
0 1111
0 1112
0 1113
0 1114
0 1115
0 1116
0 1117
0 1118
0 1119
0 1120
0 1121
0 1122
0 1123
0 1124
0 1125
0 1126
0 1127
0 1128
0 1129
0 1130
0 1131
0 1132
0 1133
0 1134
0 1135
0 1136
0 1137
0 1138
0 1139
0 1140
0 1141
0 1142
0 1143
0 1144
0 1145
0 1146
0 1147
0 1148
0 1149
0 1150
0 1151
0 1152
0 1153
0 1154
0 1155
0 1156
0 1157
0 1158
0 1159
0 1160
0 1161
0 1162
0 1163
0 1164
0 1165
0 1166
0 1167
0 1168
0 1169
0 1170
0 1171
0 1172
0 1173
0 1174
0 1175
0 1176
0 1177
0 1178
0 1179
0 1180
0 1181
0 1182
0 1183
0 1184
0 1185
0 1186
0 1187
0 1188
0 1189
0 1190
0 1191
0 1192
0 1193
0 1194
0 1195
0 1196
0 1197
0 1198
0 1199
0 1200
0 1201
0 1202
0 1203
0 1204
0 1205
0 1206
0 1207
0 1208
0 1209
0 1210
0 1211
0 1212
0 1213
0 1214
0 1215
0 1216
0 1217
0 1218
0 1219
0 1220
0 1221
0 1222
0 1223
0 1224
0 1225
0 1226
0 1227
0 1228
0 1229
0 1230
0 1231
0 1232
0 1233
0 1234
0 1235
0 1236
0 1237
0 1238
0 1239
0 1240
0 1241
0 1242
0 1243
0 1244
0 1245
0 1246
0 1247
0 1248
0 1249
0 1250
0 1251
0 1252
0 1253
0 1254
0 1255
0 1256
0 1257
0 1258
0 1259
0 1260
0 1261
0 1262
0 1263
0 1264
0 1265
0 1266
0 1267
0 1268
0 1269
0 1270
0 1271
0 1272
0 1273
0 1274
0 1275
0 1276
0 1277
0 1278
0 1279
0 1280
0 1281
0 1282
0 1283
0 1284
0 1285
0 1286
0 1287
0 1288
0 1289
0 1290
0 1291
0 1292
0 1293
0 1294
0 1295
0 1296
0 1297
0 1298
0 1299
0 1300
0 1301
0 1302
0 1303
0 1304
0 1305
0 1306
0 1307
0 1308
0 1309
0 1310
0 1311
0 1312
0 1313
0 1314
0 1315
0 1316
0 1317
0 1318
0 1319
0 1320
0 1321
0 1322
0 1323
0 1324
0 1325
0 1326
0 1327
0 1328
0 1329
0 1330
0 1331
0 1332
0 1333
0 1334
0 1335
0 1336
0 1337
0 1338
0 1339
0 1340
0 1341
0 1342
0 1343
0 1344
0 1345
0 1346
0 1347
0 1348
0 1349
0 1350
0 1351
0 1352
0 1353
0 1354
0 1355
0 1356
0 1357
0 1358
0 1359
0 1360
0 1361
0 1362
0 1363
0 1364
0 1365
0 1366
0 1367
0 1368
0 1369
0 1370
0 1371
0 1372
0 1373
0 1374
0 1375
0 1376
0 1377
0 1378
0 1379
0 1380
0 1381
0 1382
0 1383
0 1384
0 1385
0 1386
0 1387
0 1388
0 1389
0 1390
0 1391
0 1392
0 1393
0 1394
0 1395
0 1396
0 1397
0 1398
0 1399
0 1400
0 1401
0 1402
0 1403
0 1404
0 1405
0 1406
0 1407
0 1408
0 1409
0 1410
0 1411
0 1412
0 1413
0 1414
0 1415
0 1416
0 1417
0 1418
0 1419
0 1420
0 1421
0 1422
0 1423
0 1424
0 1425
0 1426
0 1427
0 1428
0 1429
0 1430
0 1431
0 1432
0 1433
0 1434
0 1435
0 1436
0 1437
0 1438
0 1439
0 1440
0 1441
0 1442
0 1443
0 1444
0 1445
0 1446
0 1447
0 1448
0 1449
0 1450
0 1451
0 1452
0 1453
0 1454
0 1455
0 1456
0 1457
0 1458
0 1459
0 1460
0 1461
0 1462
0 1463
0 1464
0 1465
0 1466
0 1467
0 1468
0 1469
0 1470
0 1471
0 1472
0 1473
0 1474
0 1475
0 1476
0 1477
0 1478
0 1479
0 1480
0 1481
0 1482
0 1483
0 1484
0 1485
0 1486
0 1487
0 1488
0 1489
0 1490
0 1491
0 1492
0 1493
0 1494
0 1495
0 1496
0 1497
0 1498
0 1499
0 1500
0 1501
0 1502
0 1503
0 1504
0 1505
0 1506
0 1507
0 1508
0 1509
0 1510
0 1511
0 1512
0 1513
0 1514
0 1515
0 1516
0 1517
0 1518
0 1519
0 1520
0 1521
0 1522
0 1523
0 1524
0 1525
0 1526
0 1527
0 1528
0 1529
0 1530
0 1531
0 1532
0 1533
0 1534
0 1535
0 1536
0 1537
0 1538
0 1539
0 1540
0 1541
0 1542
0 1543
0 1544
0 1545
0 1546
0 1547
0 1548
0 1549
0 1550
0 1551
0 1552
0 1553
0 1554
0 1555
0 1556
0 1557
0 1558
0 1559
0 1560
0 1561
0 1562
0 1563
0 1564
0 1565
0 1566
0 1567
0 1568
0 1569
0 1570
0 1571
0 1572
0 1573
0 1574
0 1575
0 1576
0 1577
0 1578
0 1579
0 1580
0 1581
0 1582
0 1583
0 1584
0 1585
0 1586
0 1587
0 1588
0 1589
0 1590
0 1591
0 1592
0 1593
0 1594
0 1595
0 1596
0 1597
0 1598
0 1599
0 1600
0 1601
0 1602
0 1603
0 1604
0 1605
0 1606
0 1607
0 1608
0 1609
0 1610
0 1611
0 1612
0 1613
0 1614
0 1615
0 1616
0 1617
0 1618
0 1619
0 1620
0 1621
0 1622
0 1623
0 1624
0 1625
0 1626
0 1627
0 1628
0 1629
0 1630
0 1631
0 1632
0 1633
0 1634
0 1635
0 1636
0 1637
0 1638
0 1639
0 1640
0 1641
0 1642
0 1643
0 1644
0 1645
0 1646
0 1647
0 1648
0 1649
0 1650
0 1651
0 1652
0 1653
0 1654
0 1655
0 1656
0 1657
0 1658
0 1659
0 1660
0 1661
0 1662
0 1663
0 1664
0 1665
0 1666
0 1667
0 1668
0 1669
0 1670
0 1671
0 1672
0 1673
0 1674
0 1675
0 1676
0 1677
0 1678
0 1679
0 1680
0 1681
0 1682
0 1683
0 1684
0 1685
0 1686
0 1687
0 1688
0 1689
0 1690
0 1691
0 1692
0 1693
0 1694
0 1695
0 1696
0 1697
0 1698
0 1699
0 1700
0 1701
0 1702
0 1703
0 1704
0 1705
0 1706
0 1707
0 1708
0 1709
0 1710
0 1711
0 1712
0 1713
0 1714
0 1715
0 1716
0 1717
0 1718
0 1719
0 1720
0 1721
0 1722
0 1723
0 1724
0 1725
0 1726
0 1727
0 1728
0 1729
0 1730
0 1731
0 1732
0 1733
0 1734
0 1735
0 1736
0 1737
0 1738
0 1739
0 1740
0 1741
0 1742
0 1743
0 1744
0 1745
0 1746
0 1747
0 1748
0 1749
0 1750
0 1751
0 1752
0 1753
0 1754
0 1755
0 1756
0 1757
0 1758
0 1759
0 1760
0 1761
0 1762
0 1763
0 1764
0 1765
0 1766
0 1767
0 1768
0 1769
0 1770
0 1771
0 1772
0 1773
0 1774
0 1775
0 1776
0 1777
0 1778
0 1779
0 1780
0 1781
0 1782
0 1783
0 1784
0 1785
0 1786
0 1787
0 1788
0 1789
0 1790
0 1791
0 1792
0 1793
0 1794
0 1795
0 1796
0 1797
0 1798
0 1799
0 1800
0 1801
0 1802
0 1803
0 1804
0 1805
0 1806
0 1807
0 1808
0 1809
0 1810
0 1811
0 1812
0 1813
0 1814
0 1815
0 1816
0 1817
0 1818
0 1819
0 1820
0 1821
0 1822
0 1823
0 1824
0 1825
0 1826
0 1827
0 1828
0 1829
0 1830
0 1831
0 1832
0 1833
0 1834
0 1835
0 1836
0 1837
0 1838
0 1839
0 1840
0 1841
0 1842
0 1843
0 1844
0 1845
0 1846
0 1847
0 1848
0 1849
0 1850
0 1851
0 1852
0 1853
0 1854
0 1855
0 1856
0 1857
0 1858
0 1859
0 1860
0 1861
0 1862
0 1863
0 1864
0 1865
0 1866
0 1867
0 1868
0 1869
0 1870
0 1871
0 1872
0 1873
0 1874
0 1875
0 1876
0 1877
0 1878
0 1879
0 1880
0 1881
0 1882
0 1883
0 1884
0 1885
0 1886
0 1887
0 1888
0 1889
0 1890
0 1891
0 1892
0 1893
0 1894
0 1895
0 1896
0 1897
0 1898
0 1899
0 1900
0 1901
0 1902
0 1903
0 1904
0 1905
0 1906
0 1907
0 1908
0 1909
0 1910
0 1911
0 1912
0 1913
0 1914
0 1915
0 1916
0 1917
0 1918
0 1919
0 1920
0 1921
0 1922
0 1923
0 1924
0 1925
0 1926
0 1927
0 1928
0 1929
0 1930
0 1931
0 1932
0 1933
0 1934
0 1935
0 1936
0 1937
0 1938
0 1939
0 1940
0 1941
0 1942
0 1943
0 1944
0 1945
0 1946
0 1947
0 1948
0 1949
0 1950
0 1951
0 1952
0 1953
0 1954
0 1955
0 1956
0 1957
0 1958
0 1959
0 1960
0 1961
0 1962
0 1963
0 1964
0 1965
0 1966
0 1967
0 1968
0 1969
0 1970
0 1971
0 1972
0 1973
0 1974
0 1975
0 1976
0 1977
0 1978
0 1979
0 1980
0 1981
0 1982
0 1983
0 1984
0 1985
0 1986
0 1987
0 1988
0 1989
0 1990
0 1991
0 1992
0 1993
0 1994
0 1995
0 1996
0 1997
0 1998
0 1999
0 2000
0 2001
0 2002
0 2003
0 2004
0 2005
0 2006
0 2007
0 2008
0 2009
0 2010
0 2011
0 2012
0 2013
0 2014
0 2015
0 2016
0 2017
0 2018
0 2019
0 2020
0 2021
0 2022
0 2023
0 2024
0 2025
0 2026
0 2027
0 2028
0 2029
0 2030
0 2031
0 2032
0 2033
0 2034
0 2035
0 2036
0 2037
0 2038
0 2039
0 2040
0 2041
0 2042
0 2043
0 2044
0 2045
0 2046
0 2047
0 2048
0 2049
0 2050
0 2051
0 2052
0 2053
0 2054
0 2055
0 2056
0 2057
0 2058
0 2059
0 2060
0 2061
0 2062
0 2063
0 2064
0 2065
0 2066
0 2067
0 2068
0 2069
0 2070
0 2071
0 2072
0 2073
0 2074
0 2075
0 2076
0 2077
0 2078
0 2079
0 2080
0 2081
0 2082
0 2083
0 2084
0 2085
0 2086
0 2087
0 2088
0 2089
0 2090
0 2091
0 2092
0 2093
0 2094
0 2095
0 2096
0 2097
0 2098
0 2099
0 2100
0 2101
0 2102
0 2103
0 2104
0 2105
0 2106
0 2107
0 2108
0 2109
0 2110
0 2111
0 2112
0 2113
0 2114
0 2115
0 2116
0 2117
0 2118
0 2119
0 2120
0 2121
0 2122
0 2123
0 2124
0 2125
0 2126
0 2127
0 2128
0 2129
0 2130
0 2131
0 2132
0 2133
0 2134
0 2135
0 2136
0 2137
0 2138
0 2139
0 2140
0 2141
0 2142
0 2143
0 2144
0 2145
0 2146
0 2147
0 2148
0 2149
0 2150
0 2151
0 2152
0 2153
0 2154
0 2155
0 2156
0 2157
0 2158
0 2159
0 2160
0 2161
0 2162
0 2163
0 2164
0 2165
0 2166
0 2167
0 2168
0 2169
0 2170
0 2171
0 2172
0 2173
0 2174
0 2175
0 2176
0 2177
0 2178
0 2179
0 2180
0 2181
0 2182
0 2183
0 2184
0 2185
0 2186
0 2187
0 2188
0 2189
0 2190
0 2191
0 2192
0 2193
0 2194
0 2195
0 2196
0 2197
0 2198
0 2199
0 2200
0 2201
0 2202
0 2203
0 2204
0 2205
0 2206
0 2207
0 2208
0 2209
0 2210
0 2211
0 2212
0 2213
0 2214
0 2215
0 2216
0 2217
0 2218
0 2219
0 2220
0 2221
0 2222
0 2223
0 2224
0 2225
0 2226
0 2227
0 2228
0 2229
0 2230
0 2231
0 2232
0 2233
0 2234
0 2235
0 2236
0 2237
0 2238
0 2239
0 2240
0 2241
0 2242
0 2243
0 2244
0 2245
0 2246
0 2247
0 2248
0 2249
0 2250
0 2251
0 2252
0 2253
0 2254
0 2255
0 2256
0 2257
0 2258
0 2259
0 2260
0 2261
0 2262
0 2263
0 2264
0 2265
0 2266
0 2267
0 2268
0 2269
0 2270
0 2271
0 2272
0 2273
0 2274
0 2275
0 2276
0 2277
0 2278
0 2279
0 2280
0 2281
0 2282
0 2283
0 2284
0 2285
0 2286
0 2287
0 2288
0 2289
0 2290
0 2291
0 2292
0 2293
0 2294
0 2295
0 2296
0 2297
0 2298
0 2299
0 2300
0 2301
0 2302
0 2303
0 2304
0 2305
0 2306
0 2307
0 2308
0 2309
0 2310
0 2311
0 2312
0 2313
0 2314
0 2315
0 2316
0 2317
0 2318
0 2319
0 2320
0 2321
0 2322
0 2323
0 2324
0 2325
0 2326
0 2327
0 2328
0 2329
0 2330
0 2331
0 2332
0 2333
0 2334
0 2335
0 2336
0 2337
0 2338
0 2339
0 2340
0 2341
0 2342
0 2343
0 2344
0 2345
0 2346
0 2347
0 2348
0 2349
0 2350
0 2351
0 2352
0 2353
0 2354
0 2355
0 2356
0 2357
0 2358
0 2359
0 2360
0 2361
0 2362
0 2363
0 2364
0 2365
0 2366
0 2367
0 2368
0 2369
0 2370
0 2371
0 2372
0 2373
0 2374
0 2375
0 2376
0 2377
0 2378
0 2379
0 2380
0 2381
0 2382
0 2383
0 2384
0 2385
0 2386
0 2387
0 2388
0 2389
0 2390
0 2391
0 2392
0 2393
0 2394
0 2395
0 2396
0 2397
0 2398
0 2399
0 2400
0 2401
0 2402
0 2403
0 2404
0 2405
0 2406
0 2407
0 2408
0 2409
0 2410
0 2411
0 2412
0 2413
0 2414
0 2415
0 2416
0 2417
0 2418
0 2419
0 2420
0 2421
0 2422
0 2423
0 2424
0 2425
0 2426
0 2427
0 2428
0 2429
0 2430
0 2431
0 2432
0 2433
0 2434
0 2435
0 2436
0 2437
0 2438
0 2439
0 2440
0 2441
0 2442
0 2443
0 2444
0 2445
0 2446
0 2447
0 2448
0 2449
0 2450
0 2451
0 2452
0 2453
0 2454
0 2455
0 2456
0 2457
0 2458
0 2459
0 2460
0 2461
0 2462
0 2463
0 2464
0 2465
0 2466
0 2467
0 2468
0 2469
0 2470
0 2471
0 2472
0 2473
0 2474
0 2475
0 2476
0 2477
0 2478
0 2479
0 2480
0 2481
0 2482
0 2483
0 2484
0 2485
0 2486
0 2487
0 2488
0 2489
0 2490
0 2491
0 2492
0 2493
0 2494
0 2495
0 2496
0 2497
0 2498
0 2499
0 2500
0 2501
0 2502
0 2503
0 2504
0 2505
0 2506
0 2507
0 2508
0 2509
0 2510
0 2511
0 2512
0 2513
0 2514
0 2515
0 2516
0 2517
0 2518
0 2519
0 2520
0 2521
0 2522
0 2523
0 2524
0 2525
0 2526
0 2527
0 2528
0 2529
0 2530
0 2531
0 2532
0 2533
0 2534
0 2535
0 2536
0 2537
0 2538
0 2539
0 2540
0 2541
0 2542
0 2543
0 2544
0 2545
0 2546
0 2547
0 2548
0 2549
0 2550
0 2551
0 2552
0 2553
0 2554
0 2555
0 2556
0 2557
0 2558
0 2559
0 2560
0 2561
0 2562
0 2563
0 2564
0 2565
0 2566
0 2567
0 2568
0 2569
0 2570
0 2571
0 2572
0 2573
0 2574
0 2575
0 2576
0 2577
0 2578
0 2579
0 2580
0 2581
0 2582
0 2583
0 2584
0 2585
0 2586
0 2587
0 2588
0 2589
0 2590
0 2591
0 2592
0 2593
0 2594
0 2595
0 2596
0 2597
0 2598
0 2599
0 2600
0 2601
0 2602
0 2603
0 2604
0 2605
0 2606
0 2607
0 2608
0 2609
0 2610
0 2611
0 2612
0 2613
0 2614
0 2615
0 2616
0 2617
0 2618
0 2619
0 2620
0 2621
0 2622
0 2623
0 2624
0 2625
0 2626
0 2627
0 2628
0 2629
0 2630
0 2631
0 2632
0 2633
0 2634
0 2635
0 2636
0 2637
0 2638
0 2639
0 2640
0 2641
0 2642
0 2643
0 2644
0 2645
0 2646
0 2647
0 2648
0 2649
0 2650
0 2651
0 2652
0 2653
0 2654
0 2655
0 2656
0 2657
0 2658
0 2659
0 2660
0 2661
0 2662
0 2663
0 2664
0 2665
0 2666
0 2667
0 2668
0 2669
0 2670
0 2671
0 2672
0 2673
0 2674
0 2675
0 2676
0 2677
0 2678
0 2679
0 2680
0 2681
0 2682
0 2683
0 2684
0 2685
0 2686
0 2687
0 2688
0 2689
0 2690
0 2691
0 2692
0 2693
0 2694
0 2695
0 2696
0 2697
0 2698
0 2699
0 2700
0 2701
0 2702
0 2703
0 2704
0 2705
0 2706
0 2707
0 2708
0 2709
0 2710
0 2711
0 2712
0 2713
0 2714
0 2715
0 2716
0 2717
0 2718
0 2719
0 2720
0 2721
0 2722
0 2723
0 2724
0 2725
0 2726
0 2727
0 2728
0 2729
0 2730
0 2731
0 2732
0 2733
0 2734
0 2735
0 2736
0 2737
0 2738
0 2739
0 2740
0 2741
0 2742
0 2743
0 2744
0 2745
0 2746
0 2747
0 2748
0 2749
0 2750
0 2751
0 2752
0 2753
0 2754
0 2755
0 2756
0 2757
0 2758
0 2759
0 2760
0 2761
0 2762
0 2763
0 2764
0 2765
0 2766
0 2767
0 2768
0 2769
0 2770
0 2771
0 2772
0 2773
0 2774
0 2775
0 2776
0 2777
0 2778
0 2779
0 2780
0 2781
0 2782
0 2783
0 2784
0 2785
0 2786
0 2787
0 2788
0 2789
0 2790
0 2791
0 2792
0 2793
0 2794
0 2795
0 2796
0 2797
0 2798
0 2799
0 2800
0 2801
0 2802
0 2803
0 2804
0 2805
0 2806
0 2807
0 2808
0 2809
0 2810
0 2811
0 2812
0 2813
0 2814
0 2815
0 2816
0 2817
0 2818
0 2819
0 2820
0 2821
0 2822
0 2823
0 2824
0 2825
0 2826
0 2827
0 2828
0 2829
0 2830
0 2831
0 2832
0 2833
0 2834
0 2835
0 2836
0 2837
0 2838
0 2839
0 2840
0 2841
0 2842
0 2843
0 2844
0 2845
0 2846
0 2847
0 2848
0 2849
0 2850
0 2851
0 2852
0 2853
0 2854
0 2855
0 2856
0 2857
0 2858
0 2859
0 2860
0 2861
0 2862
0 2863
0 2864
0 2865
0 2866
0 2867
0 2868
0 2869
0 2870
0 2871
0 2872
0 2873
0 2874
0 2875
0 2876
0 2877
0 2878
0 2879
0 2880
0 2881
0 2882
0 2883
0 2884
0 2885
0 2886
0 2887
0 2888
0 2889
0 2890
0 2891
0 2892
0 2893
0 2894
0 2895
0 2896
0 2897
0 2898
0 2899
0 2900
0 2901
0 2902
0 2903
0 2904
0 2905
0 2906
0 2907
0 2908
0 2909
0 2910
0 2911
0 2912
0 2913
0 2914
0 2915
0 2916
0 2917
0 2918
0 2919
0 2920
0 2921
0 2922
0 2923
0 2924
0 2925
0 2926
0 2927
0 2928
0 2929
0 2930
0 2931
0 2932
0 2933
0 2934
0 2935
0 2936
0 2937
0 2938
0 2939
0 2940
0 2941
0 2942
0 2943
0 2944
0 2945
0 2946
0 2947
0 2948
0 2949
0 2950
0 2951
0 2952
0 2953
0 2954
0 2955
0 2956
0 2957
0 2958
0 2959
0 2960
0 2961
0 2962
0 2963
0 2964
0 2965
0 2966
0 2967
0 2968
0 2969
0 2970
0 2971
0 2972
0 2973
0 2974
0 2975
0 2976
0 2977
0 2978
0 2979
0 2980
0 2981
0 2982
0 2983
0 2984
0 2985
0 2986
0 2987
0 2988
0 2989
0 2990
0 2991
0 2992
0 2993
0 2994
0 2995
0 2996
0 2997
0 2998
0 2999
0 3000
0 3001
0 3002
0 3003
0 3004
0 3005
0 3006
0 3007
0 3008
0 3009
0 3010
0 3011
0 3012
0 3013
0 3014
0 3015
0 3016
0 3017
0 3018
0 3019
0 3020
0 3021
0 3022
0 3023
0 3024
0 3025
0 3026
0 3027
0 3028
0 3029
0 3030
0 3031
0 3032
0 3033
0 3034
0 3035
0 3036
0 3037
0 3038
0 3039
0 3040
0 3041
0 3042
0 3043
0 3044
0 3045
0 3046
0 3047
0 3048
0 3049
0 3050
0 3051
0 3052
0 3053
0 3054
0 3055
0 3056
0 3057
0 3058
0 3059
0 3060
0 3061
0 3062
0 3063
0 3064
0 3065
0 3066
0 3067
0 3068
0 3069
0 3070
0 3071
0 3072
0 3073
0 3074
0 3075
0 3076
0 3077
0 3078
0 3079
0 3080
0 3081
0 3082
0 3083
0 3084
0 3085
0 3086
0 3087
0 3088
0 3089
0 3090
0 3091
0 3092
0 3093
0 3094
0 3095
0 3096
0 3097
0 3098
0 3099
0 3100
0 3101
0 3102
0 3103
0 3104
0 3105
0 3106
0 3107
0 3108
0 3109
0 3110
0 3111
0 3112
0 3113
0 3114
0 3115
0 3116
0 3117
0 3118
0 3119
0 3120
0 3121
0 3122
0 3123
0 3124
0 3125
0 3126
0 3127
0 3128
0 3129
0 3130
0 3131
0 3132
0 3133
0 3134
0 3135
0 3136
0 3137
0 3138
0 3139
0 3140
0 3141
0 3142
0 3143
0 3144
0 3145
0 3146
0 3147
0 3148
0 3149
0 3150
0 3151
0 3152
0 3153
0 3154
0 3155
0 3156
0 3157
0 3158
0 3159
0 3160
0 3161
0 3162
0 3163
0 3164
0 3165
0 3166
0 3167
0 3168
0 3169
0 3170
0 3171
0 3172
0 3173
0 3174
0 3175
0 3176
0 3177
0 3178
0 3179
0 3180
0 3181
0 3182
0 3183
0 3184
0 3185
0 3186
0 3187
0 3188
0 3189
0 3190
0 3191
0 3192
0 3193
0 3194
0 3195
0 3196
0 3197
0 3198
0 3199
0 3200
0 3201
0 3202
0 3203
0 3204
0 3205
0 3206
0 3207
0 3208
0 3209
0 3210
0 3211
0 3212
0 3213
0 3214
0 3215
0 3216
0 3217
0 3218
0 3219
0 3220
0 3221
0 3222
0 3223
0 3224
0 3225
0 3226
0 3227
0 3228
0 3229
0 3230
0 3231
0 3232
0 3233
0 3234
0 3235
0 3236
0 3237
0 3238
0 3239
0 3240
0 3241
0 3242
0 3243
0 3244
0 3245
0 3246
0 3247
0 3248
0 3249
0 3250
0 3251
0 3252
0 3253
0 3254
0 3255
0 3256
0 3257
0 3258
0 3259
0 3260
0 3261
0 3262
0 3263
0 3264
0 3265
0 3266
0 3267
0 3268
0 3269
0 3270
0 3271
0 3272
0 3273
0 3274
0 3275
0 3276
0 3277
0 3278
0 3279
0 3280
0 3281
0 3282
0 3283
0 3284
0 3285
0 3286
0 3287
0 3288
0 3289
0 3290
0 3291
0 3292
0 3293
0 3294
0 3295
0 3296
0 3297
0 3298
0 3299
0 3300
0 3301
0 3302
0 3303
0 3304
0 3305
0 3306
0 3307
0 3308
0 3309
0 3310
0 3311
0 3312
0 3313
0 3314
0 3315
0 3316
0 3317
0 3318
0 3319
0 3320
0 3321
0 3322
0 3323
0 3324
0 3325
0 3326
0 3327
0 3328
0 3329
0 3330
0 3331
0 3332
0 3333
0 3334
0 3335
0 3336
0 3337
0 3338
0 3339
0 3340
0 3341
0 3342
0 3343
0 3344
0 3345
0 3346
0 3347
0 3348
0 3349
0 3350
0 3351
0 3352
0 3353
0 3354
0 3355
0 3356
0 3357
0 3358
0 3359
0 3360
0 3361
0 3362
0 3363
0 3364
0 3365
0 3366
0 3367
0 3368
0 3369
0 3370
0 3371
0 3372
0 3373
0 3374
0 3375
0 3376
0 3377
0 3378
0 3379
0 3380
0 3381
0 3382
0 3383
0 3384
0 3385
0 3386
0 3387
0 3388
0 3389
0 3390
0 3391
0 3392
0 3393
0 3394
0 3395
0 3396
0 3397
0 3398
0 3399
0 3400
0 3401
0 3402
0 3403
0 3404
0 3405
0 3406
0 3407
0 3408
0 3409
0 3410
0 3411
0 3412
0 3413
0 3414
0 3415
0 3416
0 3417
0 3418
0 3419
0 3420
0 3421
0 3422
0 3423
0 3424
0 3425
0 3426
0 3427
0 3428
0 3429
0 3430
0 3431
0 3432
0 3433
0 3434
0 3435
0 3436
0 3437
0 3438
0 3439
0 3440
0 3441
0 3442
0 3443
0 3444
0 3445
0 3446
0 3447
0 3448
0 3449
0 3450
0 3451
0 3452
0 3453
0 3454
0 3455
0 3456
0 3457
0 3458
0 3459
0 3460
0 3461
0 3462
0 3463
0 3464
0 3465
0 3466
0 3467
0 3468
0 3469
0 3470
0 3471
0 3472
0 3473
0 3474
0 3475
0 3476
0 3477
0 3478
0 3479
0 3480
0 3481
0 3482
0 3483
0 3484
0 3485
0 3486
0 3487
0 3488
0 3489
0 3490
0 3491
0 3492
0 3493
0 3494
0 3495
0 3496
0 3497
0 3498
0 3499
0 3500
0 3501
0 3502
0 3503
0 3504
0 3505
0 3506
0 3507
0 3508
0 3509
0 3510
0 3511
0 3512
0 3513
0 3514
0 3515
0 3516
0 3517
0 3518
0 3519
0 3520
0 3521
0 3522
0 3523
0 3524
0 3525
0 3526
0 3527
0 3528
0 3529
0 3530
0 3531
0 3532
0 3533
0 3534
0 3535
0 3536
0 3537
0 3538
0 3539
0 3540
0 3541
0 3542
0 3543
0 3544
0 3545
0 3546
0 3547
0 3548
0 3549
0 3550
0 3551
0 3552
0 3553
0 3554
0 3555
0 3556
0 3557
0 3558
0 3559
0 3560
0 3561
0 3562
0 3563
0 3564
0 3565
0 3566
0 3567
0 3568
0 3569
0 3570
0 3571
0 3572
0 3573
0 3574
0 3575
0 3576
0 3577
0 3578
0 3579
0 3580
0 3581
0 3582
0 3583
0 3584
0 3585
0 3586
0 3587
0 3588
0 3589
0 3590
0 3591
0 3592
0 3593
0 3594
0 3595
0 3596
0 3597
0 3598
0 3599
0 3600
0 3601
0 3602
0 3603
0 3604
0 3605
0 3606
0 3607
0 3608
0 3609
0 3610
0 3611
0 3612
0 3613
0 3614
0 3615
0 3616
0 3617
0 3618
0 3619
0 3620
0 3621
0 3622
0 3623
0 3624
0 3625
0 3626
0 3627
0 3628
0 3629
0 3630
0 3631
0 3632
0 3633
0 3634
0 3635
0 3636
0 3637
0 3638
0 3639
0 3640
0 3641
0 3642
0 3643
0 3644
0 3645
0 3646
0 3647
0 3648
0 3649
0 3650
0 3651
0 3652
0 3653
0 3654
0 3655
0 3656
0 3657
0 3658
0 3659
0 3660
0 3661
0 3662
0 3663
0 3664
0 3665
0 3666
0 3667
0 3668
0 3669
0 3670
0 3671
0 3672
0 3673
0 3674
0 3675
0 3676
0 3677
0 3678
0 3679
0 3680
0 3681
0 3682
0 3683
0 3684
0 3685
0 3686
0 3687
0 3688
0 3689
0 3690
0 3691
0 3692
0 3693
0 3694
0 3695
0 3696
0 3697
0 3698
0 3699
0 3700
0 3701
0 3702
0 3703
0 3704
0 3705
0 3706
0 3707
0 3708
0 3709
0 3710
0 3711
0 3712
0 3713
0 3714
0 3715
0 3716
0 3717
0 3718
0 3719
0 3720
0 3721
0 3722
0 3723
0 3724
0 3725
0 3726
0 3727
0 3728
0 3729
0 3730
0 3731
0 3732
0 3733
0 3734
0 3735
0 3736
0 3737
0 3738
0 3739
0 3740
0 3741
0 3742
0 3743
0 3744
0 3745
0 3746
0 3747
0 3748
0 3749
0 3750
0 3751
0 3752
0 3753
0 3754
0 3755
0 3756
0 3757
0 3758
0 3759
0 3760
0 3761
0 3762
0 3763
0 3764
0 3765
0 3766
0 3767
0 3768
0 3769
0 3770
0 3771
0 3772
0 3773
0 3774
0 3775
0 3776
0 3777
0 3778
0 3779
0 3780
0 3781
0 3782
0 3783
0 3784
0 3785
0 3786
0 3787
0 3788
0 3789
0 3790
0 3791
0 3792
0 3793
0 3794
0 3795
0 3796
0 3797
0 3798
0 3799
0 3800
0 3801
0 3802
0 3803
0 3804
0 3805
0 3806
0 3807
0 3808
0 3809
0 3810
0 3811
0 3812
0 3813
0 3814
0 3815
0 3816
0 3817
0 3818
0 3819
0 3820
0 3821
0 3822
0 3823
0 3824
0 3825
0 3826
0 3827
0 3828
0 3829
0 3830
0 3831
0 3832
0 3833
0 3834
0 3835
0 3836
0 3837
0 3838
0 3839
0 3840
0 3841
0 3842
0 3843
0 3844
0 3845
0 3846
0 3847
0 3848
0 3849
0 3850
0 3851
0 3852
0 3853
0 3854
0 3855
0 3856
0 3857
0 3858
0 3859
0 3860
0 3861
0 3862
0 3863
0 3864
0 3865
0 3866
0 3867
0 3868
0 3869
0 3870
0 3871
0 3872
0 3873
0 3874
0 3875
0 3876
0 3877
0 3878
0 3879
0 3880
0 3881
0 3882
0 3883
0 3884
0 3885
0 3886
0 3887
0 3888
0 3889
0 3890
0 3891
0 3892
0 3893
0 3894
0 3895
0 3896
0 3897
0 3898
0 3899
0 3900
0 3901
0 3902
0 3903
0 3904
0 3905
0 3906
0 3907
0 3908
0 3909
0 3910
0 3911
0 3912
0 3913
0 3914
0 3915
0 3916
0 3917
0 3918
0 3919
0 3920
0 3921
0 3922
0 3923
0 3924
0 3925
0 3926
0 3927
0 3928
0 3929
0 3930
0 3931
0 3932
0 3933
0 3934
0 3935
0 3936
0 3937
0 3938
0 3939
0 3940
0 3941
0 3942
0 3943
0 3944
0 3945
0 3946
0 3947
0 3948
0 3949
0 3950
0 3951
0 3952
0 3953
0 3954
0 3955
0 3956
0 3957
0 3958
0 3959
0 3960
0 3961
0 3962
0 3963
0 3964
0 3965
0 3966
0 3967
0 3968
0 3969
0 3970
0 3971
0 3972
0 3973
0 3974
0 3975
0 3976
0 3977
0 3978
0 3979
0 3980
0 3981
0 3982
0 3983
0 3984
0 3985
0 3986
0 3987
0 3988
0 3989
0 3990
0 3991
0 3992
0 3993
0 3994
0 3995
0 3996
0 3997
0 3998
0 3999
0 4000
0 4001
0 4002
0 4003
0 4004
0 4005
0 4006
0 4007
0 4008
0 4009
0 4010
0 4011
0 4012
0 4013
0 4014
0 4015
0 4016
0 4017
0 4018
0 4019
0 4020
0 4021
0 4022
0 4023
0 4024
0 4025
0 4026
0 4027
0 4028
0 4029
0 4030
0 4031
0 4032
0 4033
0 4034
0 4035
0 4036
0 4037
0 4038
0 4039
0 4040
0 4041
0 4042
0 4043
0 4044
0 4045
0 4046
0 4047
0 4048
0 4049
0 4050
0 4051
0 4052
0 4053
0 4054
0 4055
0 4056
0 4057
0 4058
0 4059
0 4060
0 4061
0 4062
0 4063
0 4064
0 4065
0 4066
0 4067
0 4068
0 4069
0 4070
0 4071
0 4072
0 4073
0 4074
0 4075
0 4076
0 4077
0 4078
0 4079
0 4080
0 4081
0 4082
0 4083
0 4084
0 4085
0 4086
0 4087
0 4088
0 4089
0 4090
0 4091
0 4092
0 4093
0 4094
0 4095
0 4096
0 4097
0 4098
0 4099
0 4100
0 4101
0 4102
0 4103
0 4104
0 4105
0 4106
0 4107
0 4108
0 4109
0 4110
0 4111
0 4112
0 4113
0 4114
0 4115
0 4116
0 4117
0 4118
0 4119
0 4120
0 4121
0 4122
0 4123
0 4124
0 4125
0 4126
0 4127
0 4128
0 4129
0 4130
0 4131
0 4132
0 4133
0 4134
0 4135
0 4136
0 4137
0 4138
0 4139
0 4140
0 4141
0 4142
0 4143
0 4144
0 4145
0 4146
0 4147
0 4148
0 4149
0 4150
0 4151
0 4152
0 4153
0 4154
0 4155
0 4156
0 4157
0 4158
0 4159
0 4160
0 4161
0 4162
0 4163
0 4164
0 4165
0 4166
0 4167
0 4168
0 4169
0 4170
0 4171
0 4172
0 4173
0 4174
0 4175
0 4176
0 4177
0 4178
0 4179
0 4180
0 4181
0 4182
0 4183
0 4184
0 4185
0 4186
0 4187
0 4188
0 4189
0 4190
0 4191
0 4192
0 4193
0 4194
0 4195
0 4196
0 4197
0 4198
0 4199
0 4200
0 4201
0 4202
0 4203
0 4204
0 4205
0 4206
0 4207
0 4208
0 4209
0 4210
0 4211
0 4212
0 4213
0 4214
0 4215
0 4216
0 4217
0 4218
0 4219
0 4220
0 4221
0 4222
0 4223
0 4224
0 4225
0 4226
0 4227
0 4228
0 4229
0 4230
0 4231
0 4232
0 4233
0 4234
0 4235
0 4236
0 4237
0 4238
0 4239
0 4240
0 4241
0 4242
0 4243
0 4244
0 4245
0 4246
0 4247
0 4248
0 4249
0 4250
0 4251
0 4252
0 4253
0 4254
0 4255
0 4256
0 4257
0 4258
0 4259
0 4260
0 4261
0 4262
0 4263
0 4264
0 4265
0 4266
0 4267
0 4268
0 4269
0 4270
0 4271
0 4272
0 4273
0 4274
0 4275
0 4276
0 4277
0 4278
0 4279
0 4280
0 4281
0 4282
0 4283
0 4284
0 4285
0 4286
0 4287
0 4288
0 4289
0 4290
0 4291
0 4292
0 4293
0 4294
0 4295
0 4296
0 4297
0 4298
0 4299
0 4300
0 4301
0 4302
0 4303
0 4304
0 4305
0 4306
0 4307
0 4308
0 4309
0 4310
0 4311
0 4312
0 4313
0 4314
0 4315
0 4316
0 4317
0 4318
0 4319
0 4320
0 4321
0 4322
0 4323
0 4324
0 4325
0 4326
0 4327
0 4328
0 4329
0 4330
0 4331
0 4332
0 4333
0 4334
0 4335
0 4336
0 4337
0 4338
0 4339
0 4340
0 4341
0 4342
0 4343
0 4344
0 4345
0 4346
0 4347
0 4348
0 4349
0 4350
0 4351
0 4352
0 4353
0 4354
0 4355
0 4356
0 4357
0 4358
0 4359
0 4360
0 4361
0 4362
0 4363
0 4364
0 4365
0 4366
0 4367
0 4368
0 4369
0 4370
0 4371
0 4372
0 4373
0 4374
0 4375
0 4376
0 4377
0 4378
0 4379
0 4380
0 4381
0 4382
0 4383
0 4384
0 4385
0 4386
0 4387
0 4388
0 4389
0 4390
0 4391
0 4392
0 4393
0 4394
0 4395
0 4396
0 4397
0 4398
0 4399
0 4400
0 4401
0 4402
0 4403
0 4404
0 4405
0 4406
0 4407
0 4408
0 4409
0 4410
0 4411
0 4412
0 4413
0 4414
0 4415
0 4416
0 4417
0 4418
0 4419
0 4420
0 4421
0 4422
0 4423
0 4424
0 4425
0 4426
0 4427
0 4428
0 4429
0 4430
0 4431
0 4432
0 4433
0 4434
0 4435
0 4436
0 4437
0 4438
0 4439
0 4440
0 4441
0 4442
0 4443
0 4444
0 4445
0 4446
0 4447
0 4448
0 4449
0 4450
0 4451
0 4452
0 4453
0 4454
1 4455
1 4456
1 4457
1 4458
1 4459
2 4460
2 4461
2 4462
2 4463
2 4464
2 4465
2 4466
2 4467
2 4468
2 4469
2 4470
2 4471
2 4472
2 4473
2 4474
2 4475
2 4476
2 4477
2 4478
2 4479
2 4480
2 4481
2 4482
2 4483
2 4484
2 4485
2 4486
3 4487
3 4488
3 4489
3 4490
3 4491
3 4492
3 4493
3 4494
3 4495
3 4496
3 4497
3 4498
3 4499
3 4500
3 4501
3 4502
3 4503
3 4504
3 4505
3 4506
3 4507
3 4508
3 4509
3 4510
3 4511
3 4512
3 4513
3 4514
3 4515
4 4516
4 4517
4 4518
4 4519
4 4520
4 4521
4 4522
4 4523
4 4524
4 4525
4 4526
4 4527
4 4528
4 4529
4 4530
4 4531
4 4532
4 4533
4 4534
4 4535
4 4536
4 4537
4 4538
4 4539
4 4540
4 4541
4 4542
4 4543
4 4544
4 4545
4 4546
4 4547
4 4548
4 4549
4 4550
4 4551
4 4552
4 4553
4 4554
4 4555
4 4556
4 4557
4 4558
4 4559
4 4560
4 4561
4 4562
4 4563
4 4564
4 4565
4 4566
4 4567
4 4568
4 4569
4 4570
4 4571
4 4572
4 4573
4 4574
4 4575
4 4576
4 4577
4 4578
4 4579
4 4580
4 4581
4 4582
4 4583
4 4584
4 4585
4 4586
4 4587
4 4588
4 4589
4 4590
4 4591
4 4592
4 4593
4 4594
4 4595
4 4596
4 4597
4 4598
4 4599
4 4600
4 4601
4 4602
4 4603
4 4604
4 4605
4 4606
4 4607
4 4608
4 4609
4 4610
4 4611
4 4612
5 4613
5 4614
5 4615
5 4616
5 4617
5 4618
5 4619
5 4620
5 4621
5 4622
5 4623
5 4624
5 4625
5 4626
5 4627
5 4628
5 4629
5 4630
5 4631
5 4632
5 4633
5 4634
5 4635
5 4636
5 4637
5 4638
5 4639
5 4640
5 4641
5 4642
5 4643
5 4644
5 4645
5 4646
5 4647
5 4648
5 4649
5 4650
5 4651
5 4652
5 4653
5 4654
5 4655
5 4656
5 4657
5 4658
5 4659
5 4660
5 4661
5 4662
5 4663
5 4664
5 4665
5 4666
5 4667
5 4668
5 4669
5 4670
5 4671
5 4672
5 4673
5 4674
5 4675
5 4676
5 4677
5 4678
5 4679
5 4680
5 4681
5 4682
5 4683
5 4684
5 4685
5 4686
5 4687
5 4688
5 4689
5 4690
5 4691
5 4692
5 4693
5 4694
5 4695
5 4696
5 4697
5 4698
5 4699
5 4700
5 4701
5 4702
5 4703
5 4704
5 4705
5 4706
5 4707
5 4708
5 4709
5 4710
5 4711
5 4712
5 4713
5 4714
5 4715
5 4716
5 4717
5 4718
5 4719
5 4720
5 4721
5 4722
5 4723
5 4724
5 4725
5 4726
5 4727
5 4728
5 4729
5 4730
5 4731
5 4732
5 4733
5 4734
5 4735
5 4736
5 4737
5 4738
5 4739
5 4740
5 4741
5 4742
5 4743
5 4744
5 4745
5 4746
5 4747
5 4748
5 4749
5 4750
5 4751
5 4752
5 4753
5 4754
5 4755
5 4756
5 4757
5 4758
5 4759
5 4760
5 4761
5 4762
5 4763
5 4764
5 4765
5 4766
5 4767
5 4768
5 4769
5 4770
5 4771
5 4772
5 4773
5 4774
5 4775
5 4776
5 4777
5 4778
5 4779
5 4780
5 4781
5 4782
5 4783
5 4784
5 4785
5 4786
5 4787
5 4788
5 4789
5 4790
5 4791
5 4792
5 4793
5 4794
5 4795
5 4796
5 4797
5 4798
5 4799
5 4800
5 4801
5 4802
5 4803
5 4804
5 4805
5 4806
5 4807
5 4808
5 4809
5 4810
5 4811
5 4812
5 4813
5 4814
5 4815
5 4816
5 4817
5 4818
5 4819
5 4820
5 4821
5 4822
5 4823
5 4824
5 4825
5 4826
5 4827
5 4828
5 4829
5 4830
5 4831
5 4832
5 4833
5 4834
5 4835
5 4836
5 4837
5 4838
5 4839
5 4840
5 4841
5 4842
5 4843
5 4844
5 4845
5 4846
5 4847
5 4848
5 4849
5 4850
5 4851
5 4852
5 4853
5 4854
5 4855
5 4856
5 4857
5 4858
5 4859
5 4860
5 4861
5 4862
5 4863
5 4864
5 4865
5 4866
5 4867
5 4868
5 4869
5 4870
5 4871
5 4872
5 4873
5 4874
5 4875
5 4876
5 4877
5 4878
5 4879
5 4880
5 4881
5 4882
5 4883
5 4884
5 4885
5 4886
5 4887
5 4888
5 4889
5 4890
5 4891
5 4892
5 4893
5 4894
5 4895
5 4896
5 4897
5 4898
5 4899
5 4900
5 4901
5 4902
5 4903
5 4904
5 4905
5 4906
5 4907
5 4908
5 4909
5 4910
5 4911
5 4912
5 4913
5 4914
5 4915
5 4916
5 4917
5 4918
5 4919
5 4920
5 4921
5 4922
5 4923
5 4924
5 4925
5 4926
5 4927
5 4928
5 4929
5 4930
5 4931
5 4932
5 4933
5 4934
5 4935
5 4936
5 4937
5 4938
5 4939
5 4940
5 4941
5 4942
5 4943
5 4944
5 4945
5 4946
5 4947
5 4948
5 4949
5 4950
5 4951
5 4952
5 4953
5 4954
5 4955
5 4956
5 4957
5 4958
5 4959
5 4960
5 4961
5 4962
5 4963
5 4964
5 4965
5 4966
5 4967
5 4968
5 4969
5 4970
5 4971
5 4972
5 4973
5 4974
5 4975
5 4976
5 4977
5 4978
5 4979
5 4980
5 4981
5 4982
5 4983
5 4984
5 4985
5 4986
5 4987
5 4988
5 4989
5 4990
5 4991
5 4992
5 4993
5 4994
5 4995
5 4996
5 4997
5 4998
5 4999
5 5000
5 5001
5 5002
5 5003
5 5004
5 5005
5 5006
5 5007
5 5008
5 5009
5 5010
5 5011
5 5012
5 5013
5 5014
5 5015
5 5016
5 5017
5 5018
5 5019
5 5020
5 5021
5 5022
5 5023
5 5024
5 5025
5 5026
5 5027
5 5028
5 5029
5 5030
5 5031
5 5032
5 5033
5 5034
5 5035
5 5036
5 5037
5 5038
5 5039
5 5040
5 5041
5 5042
5 5043
5 5044
5 5045
5 5046
5 5047
5 5048
5 5049
5 5050
5 5051
5 5052
5 5053
5 5054
5 5055
5 5056
5 5057
5 5058
5 5059
5 5060
5 5061
5 5062
5 5063
5 5064
5 5065
5 5066
5 5067
5 5068
5 5069
5 5070
5 5071
5 5072
5 5073
5 5074
5 5075
5 5076
5 5077
5 5078
5 5079
5 5080
5 5081
5 5082
5 5083
5 5084
5 5085
5 5086
5 5087
5 5088
5 5089
5 5090
5 5091
6 5092
6 5093
6 5094
6 5095
6 5096
6 5097
6 5098
6 5099
6 5100
6 5101
6 5102
6 5103
6 5104
6 5105
6 5106
6 5107
6 5108
6 5109
6 5110
6 5111
6 5112
6 5113
6 5114
6 5115
6 5116
6 5117
6 5118
6 5119
6 5120
6 5121
6 5122
6 5123
6 5124
6 5125
6 5126
6 5127
6 5128
6 5129
6 5130
6 5131
6 5132
6 5133
6 5134
6 5135
6 5136
6 5137
6 5138
6 5139
6 5140
6 5141
6 5142
6 5143
6 5144
6 5145
6 5146
6 5147
6 5148
6 5149
6 5150
6 5151
6 5152
6 5153
6 5154
6 5155
6 5156
6 5157
6 5158
6 5159
6 5160
6 5161
6 5162
6 5163
6 5164
6 5165
6 5166
6 5167
6 5168
6 5169
6 5170
6 5171
6 5172
6 5173
6 5174
6 5175
6 5176
6 5177
6 5178
6 5179
6 5180
6 5181
6 5182
6 5183
6 5184
6 5185
6 5186
6 5187
6 5188
6 5189
6 5190
6 5191
6 5192
6 5193
6 5194
6 5195
6 5196
6 5197
6 5198
6 5199
6 5200
6 5201
6 5202
6 5203
6 5204
6 5205
6 5206
6 5207
6 5208
6 5209
6 5210
6 5211
6 5212
6 5213
6 5214
6 5215
6 5216
6 5217
6 5218
6 5219
6 5220
6 5221
6 5222
6 5223
6 5224
6 5225
6 5226
6 5227
6 5228
6 5229
6 5230
6 5231
6 5232
6 5233
6 5234
6 5235
6 5236
6 5237
6 5238
6 5239
6 5240
6 5241
6 5242
6 5243
6 5244
6 5245
6 5246
6 5247
6 5248
6 5249
6 5250
6 5251
6 5252
6 5253
6 5254
6 5255
6 5256
6 5257
6 5258
6 5259
6 5260
6 5261
6 5262
6 5263
6 5264
6 5265
6 5266
6 5267
6 5268
6 5269
6 5270
6 5271
6 5272
6 5273
6 5274
6 5275
6 5276
6 5277
6 5278
6 5279
6 5280
6 5281
6 5282
6 5283
6 5284
6 5285
6 5286
6 5287
6 5288
6 5289
6 5290
6 5291
6 5292
6 5293
6 5294
6 5295
6 5296
6 5297
6 5298
6 5299
6 5300
6 5301
6 5302
6 5303
6 5304
6 5305
6 5306
6 5307
6 5308
6 5309
6 5310
6 5311
6 5312
6 5313
6 5314
6 5315
6 5316
6 5317
6 5318
6 5319
6 5320
6 5321
6 5322
6 5323
6 5324
6 5325
6 5326
6 5327
6 5328
6 5329
6 5330
6 5331
6 5332
6 5333
6 5334
6 5335
6 5336
6 5337
6 5338
6 5339
6 5340
6 5341
6 5342
6 5343
6 5344
6 5345
6 5346
6 5347
6 5348
6 5349
6 5350
6 5351
6 5352
6 5353
6 5354
6 5355
6 5356
6 5357
6 5358
6 5359
6 5360
6 5361
6 5362
6 5363
6 5364
6 5365
6 5366
6 5367
6 5368
6 5369
6 5370
6 5371
6 5372
6 5373
6 5374
6 5375
6 5376
6 5377
6 5378
6 5379
6 5380
6 5381
6 5382
6 5383
6 5384
6 5385
6 5386
6 5387
6 5388
6 5389
6 5390
6 5391
6 5392
6 5393
6 5394
6 5395
6 5396
6 5397
6 5398
6 5399
6 5400
6 5401
6 5402
6 5403
6 5404
6 5405
6 5406
6 5407
6 5408
6 5409
6 5410
6 5411
6 5412
6 5413
6 5414
6 5415
6 5416
6 5417
6 5418
6 5419
6 5420
6 5421
6 5422
6 5423
6 5424
6 5425
6 5426
6 5427
6 5428
6 5429
6 5430
6 5431
6 5432
6 5433
6 5434
6 5435
6 5436
6 5437
6 5438
6 5439
6 5440
6 5441
6 5442
6 5443
6 5444
6 5445
6 5446
6 5447
6 5448
6 5449
6 5450
6 5451
6 5452
6 5453
6 5454
6 5455
6 5456
6 5457
6 5458
6 5459
6 5460
6 5461
6 5462
6 5463
6 5464
6 5465
6 5466
6 5467
6 5468
6 5469
6 5470
6 5471
6 5472
6 5473
6 5474
6 5475
6 5476
6 5477
6 5478
6 5479
6 5480
6 5481
6 5482
6 5483
6 5484
6 5485
6 5486
6 5487
6 5488
6 5489
6 5490
6 5491
6 5492
6 5493
6 5494
6 5495
6 5496
6 5497
6 5498
6 5499
6 5500
6 5501
6 5502
6 5503
6 5504
6 5505
6 5506
6 5507
6 5508
6 5509
6 5510
6 5511
6 5512
6 5513
6 5514
6 5515
6 5516
6 5517
6 5518
6 5519
6 5520
6 5521
6 5522
6 5523
6 5524
6 5525
6 5526
6 5527
6 5528
6 5529
6 5530
6 5531
6 5532
6 5533
6 5534
6 5535
6 5536
6 5537
6 5538
6 5539
6 5540
6 5541
6 5542
6 5543
6 5544
6 5545
6 5546
6 5547
6 5548
6 5549
6 5550
6 5551
6 5552
6 5553
6 5554
6 5555
6 5556
6 5557
6 5558
6 5559
6 5560
6 5561
6 5562
6 5563
6 5564
6 5565
6 5566
6 5567
6 5568
6 5569
6 5570
6 5571
6 5572
6 5573
6 5574
6 5575
6 5576
6 5577
6 5578
6 5579
6 5580
6 5581
6 5582
6 5583
6 5584
6 5585
6 5586
6 5587
6 5588
6 5589
6 5590
6 5591
6 5592
6 5593
6 5594
6 5595
6 5596
6 5597
6 5598
6 5599
6 5600
6 5601
6 5602
6 5603
6 5604
6 5605
6 5606
6 5607
6 5608
6 5609
6 5610
6 5611
6 5612
6 5613
6 5614
6 5615
6 5616
6 5617
6 5618
6 5619
6 5620
6 5621
6 5622
6 5623
6 5624
6 5625
6 5626
6 5627
6 5628
6 5629
6 5630
6 5631
6 5632
6 5633
6 5634
6 5635
6 5636
6 5637
6 5638
6 5639
6 5640
6 5641
6 5642
6 5643
6 5644
6 5645
6 5646
6 5647
6 5648
6 5649
6 5650
6 5651
6 5652
6 5653
6 5654
6 5655
6 5656
6 5657
6 5658
6 5659
6 5660
6 5661
6 5662
6 5663
6 5664
6 5665
6 5666
6 5667
6 5668
6 5669
6 5670
6 5671
6 5672
6 5673
6 5674
6 5675
6 5676
6 5677
6 5678
6 5679
6 5680
6 5681
6 5682
6 5683
6 5684
6 5685
6 5686
6 5687
6 5688
6 5689
6 5690
6 5691
6 5692
6 5693
6 5694
6 5695
6 5696
6 5697
6 5698
6 5699
6 5700
6 5701
6 5702
6 5703
6 5704
6 5705
6 5706
6 5707
6 5708
6 5709
6 5710
6 5711
6 5712
6 5713
6 5714
6 5715
6 5716
6 5717
6 5718
6 5719
6 5720
6 5721
6 5722
6 5723
6 5724
6 5725
6 5726
6 5727
6 5728
6 5729
6 5730
6 5731
6 5732
6 5733
6 5734
6 5735
6 5736
6 5737
6 5738
6 5739
6 5740
6 5741
6 5742
6 5743
6 5744
6 5745
6 5746
6 5747
6 5748
6 5749
6 5750
6 5751
6 5752
6 5753
6 5754
6 5755
6 5756
6 5757
6 5758
6 5759
6 5760
6 5761
6 5762
6 5763
6 5764
6 5765
6 5766
6 5767
6 5768
6 5769
6 5770
6 5771
6 5772
6 5773
6 5774
6 5775
6 5776
6 5777
6 5778
6 5779
6 5780
6 5781
6 5782
6 5783
6 5784
6 5785
6 5786
6 5787
6 5788
6 5789
6 5790
6 5791
6 5792
6 5793
6 5794
6 5795
6 5796
6 5797
6 5798
6 5799
6 5800
6 5801
6 5802
6 5803
7 5804
7 5805
7 5806
7 5807
7 5808
7 5809
7 5810
7 5811
7 5812
7 5813
7 5814
7 5815
7 5816
7 5817
7 5818
7 5819
7 5820
7 5821
7 5822
7 5823
7 5824
7 5825
7 5826
7 5827
7 5828
7 5829
7 5830
7 5831
7 5832
7 5833
7 5834
7 5835
7 5836
7 5837
7 5838
7 5839
7 5840
7 5841
7 5842
7 5843
7 5844
7 5845
7 5846
7 5847
7 5848
7 5849
7 5850
7 5851
7 5852
7 5853
7 5854
7 5855
7 5856
7 5857
7 5858
7 5859
7 5860
7 5861
7 5862
7 5863
7 5864
7 5865
7 5866
7 5867
7 5868
8 5869
8 5870
8 5871
8 5872
8 5873
8 5874
9 5875
9 5876
9 5877
9 5878
9 5879
9 5880
9 5881
9 5882
9 5883
9 5884
9 5885
9 5886
9 5887
10 5888
10 5889
10 5890
10 5891
10 5892
10 5893
10 5894
10 5895
10 5896
10 5897
10 5898
10 5899
10 5900
10 5901
10 5902
10 5903
10 5904
10 5905
10 5906
10 5907
10 5908
10 5909
10 5910
10 5911
10 5912
10 5913
10 5914
10 5915
10 5916
10 5917
10 5918
10 5919
11 5920
11 5921
11 5922
11 5923
11 5924
11 5925
11 5926
12 5927
12 5928
12 5929
12 5930
12 5931
12 5932
12 5933
12 5934
12 5935
12 5936
12 5937
12 5938
12 5939
12 5940
12 5941
12 5942
12 5943
12 5944
12 5945
12 5946
12 5947
12 5948
12 5949
12 5950
12 5951
12 5952
12 5953
12 5954
12 5955
12 5956
12 5957
12 5958
12 5959
12 5960
12 5961
12 5962
12 5963
12 5964
12 5965
12 5966
12 5967
12 5968
12 5969
12 5970
12 5971
12 5972
12 5973
12 5974
12 5975
12 5976
13 5977
13 5978
14 5979
14 5980
14 5981
14 5982
14 5983
14 5984
14 5985
14 5986
14 5987
14 5988
14 5989
14 5990
14 5991
14 5992
14 5993
14 5994
14 5995
14 5996
14 5997
14 5998
14 5999
14 6000
14 6001
14 6002
14 6003
14 6004
14 6005
14 6006
14 6007
14 6008
14 6009
14 6010
14 6011
14 6012
14 6013
14 6014
14 6015
14 6016
14 6017
14 6018
14 6019
14 6020
14 6021
14 6022
14 6023
14 6024
14 6025
14 6026
14 6027
14 6028
14 6029
14 6030
14 6031
14 6032
14 6033
14 6034
14 6035
14 6036
14 6037
14 6038
14 6039
14 6040
14 6041
14 6042
14 6043
14 6044
14 6045
14 6046
14 6047
14 6048
14 6049
14 6050
14 6051
14 6052
14 6053
14 6054
14 6055
14 6056
14 6057
14 6058
14 6059
14 6060
14 6061
14 6062
14 6063
14 6064
14 6065
14 6066
14 6067
14 6068
14 6069
14 6070
14 6071
14 6072
14 6073
14 6074
14 6075
14 6076
14 6077
14 6078
14 6079
14 6080
14 6081
14 6082
14 6083
14 6084
14 6085
14 6086
14 6087
14 6088
14 6089
14 6090
14 6091
14 6092
14 6093
14 6094
14 6095
14 6096
14 6097
14 6098
14 6099
14 6100
14 6101
14 6102
14 6103
14 6104
14 6105
14 6106
14 6107
14 6108
14 6109
14 6110
14 6111
14 6112
14 6113
14 6114
14 6115
14 6116
14 6117
14 6118
14 6119
14 6120
14 6121
14 6122
14 6123
14 6124
14 6125
14 6126
14 6127
14 6128
14 6129
14 6130
14 6131
14 6132
14 6133
14 6134
14 6135
14 6136
14 6137
14 6138
14 6139
14 6140
14 6141
14 6142
14 6143
14 6144
14 6145
14 6146
14 6147
14 6148
14 6149
14 6150
14 6151
14 6152
14 6153
14 6154
14 6155
14 6156
14 6157
14 6158
14 6159
14 6160
14 6161
14 6162
14 6163
14 6164
14 6165
14 6166
14 6167
14 6168
14 6169
14 6170
14 6171
14 6172
14 6173
14 6174
14 6175
14 6176
14 6177
14 6178
14 6179
14 6180
14 6181
14 6182
14 6183
14 6184
14 6185
14 6186
14 6187
14 6188
14 6189
14 6190
14 6191
14 6192
14 6193
14 6194
14 6195
14 6196
14 6197
14 6198
14 6199
14 6200
14 6201
14 6202
14 6203
14 6204
14 6205
14 6206
14 6207
14 6208
14 6209
14 6210
14 6211
14 6212
14 6213
14 6214
14 6215
14 6216
14 6217
14 6218
14 6219
14 6220
14 6221
14 6222
14 6223
14 6224
14 6225
14 6226
14 6227
14 6228
14 6229
14 6230
14 6231
14 6232
14 6233
14 6234
14 6235
14 6236
14 6237
14 6238
14 6239
14 6240
14 6241
14 6242
14 6243
14 6244
14 6245
14 6246
14 6247
14 6248
14 6249
14 6250
14 6251
14 6252
14 6253
14 6254
14 6255
14 6256
14 6257
14 6258
14 6259
14 6260
14 6261
14 6262
14 6263
14 6264
14 6265
14 6266
14 6267
14 6268
14 6269
14 6270
14 6271
14 6272
14 6273
14 6274
14 6275
14 6276
14 6277
14 6278
14 6279
14 6280
14 6281
14 6282
14 6283
14 6284
14 6285
14 6286
14 6287
14 6288
14 6289
14 6290
14 6291
14 6292
14 6293
14 6294
14 6295
14 6296
14 6297
14 6298
14 6299
14 6300
14 6301
14 6302
14 6303
14 6304
14 6305
14 6306
14 6307
14 6308
14 6309
14 6310
14 6311
14 6312
14 6313
14 6314
14 6315
14 6316
14 6317
14 6318
14 6319
14 6320
14 6321
14 6322
14 6323
14 6324
14 6325
14 6326
14 6327
14 6328
14 6329
14 6330
14 6331
14 6332
14 6333
14 6334
14 6335
14 6336
14 6337
14 6338
14 6339
14 6340
14 6341
14 6342
14 6343
14 6344
14 6345
14 6346
14 6347
14 6348
14 6349
14 6350
14 6351
14 6352
14 6353
14 6354
14 6355
14 6356
14 6357
14 6358
14 6359
14 6360
14 6361
14 6362
14 6363
14 6364
14 6365
14 6366
14 6367
14 6368
14 6369
14 6370
14 6371
14 6372
14 6373
14 6374
14 6375
14 6376
14 6377
14 6378
14 6379
14 6380
14 6381
14 6382
14 6383
14 6384
14 6385
14 6386
14 6387
14 6388
14 6389
14 6390
14 6391
14 6392
14 6393
14 6394
14 6395
14 6396
14 6397
14 6398
14 6399
14 6400
14 6401
14 6402
14 6403
14 6404
14 6405
14 6406
14 6407
14 6408
14 6409
14 6410
14 6411
14 6412
14 6413
14 6414
14 6415
14 6416
14 6417
14 6418
14 6419
14 6420
14 6421
14 6422
14 6423
14 6424
14 6425
14 6426
14 6427
14 6428
14 6429
14 6430
14 6431
14 6432
14 6433
14 6434
14 6435
14 6436
14 6437
14 6438
14 6439
14 6440
14 6441
14 6442
14 6443
14 6444
14 6445
14 6446
14 6447
14 6448
14 6449
14 6450
14 6451
14 6452
14 6453
14 6454
14 6455
14 6456
14 6457
14 6458
14 6459
14 6460
14 6461
14 6462
14 6463
14 6464
14 6465
14 6466
14 6467
14 6468
14 6469
14 6470
14 6471
14 6472
14 6473
14 6474
14 6475
14 6476
14 6477
14 6478
14 6479
14 6480
14 6481
14 6482
14 6483
14 6484
14 6485
14 6486
14 6487
14 6488
14 6489
14 6490
14 6491
14 6492
14 6493
14 6494
14 6495
14 6496
14 6497
14 6498
14 6499
14 6500
14 6501
14 6502
14 6503
14 6504
14 6505
14 6506
14 6507
14 6508
14 6509
14 6510
14 6511
14 6512
14 6513
14 6514
14 6515
14 6516
14 6517
14 6518
14 6519
14 6520
14 6521
14 6522
14 6523
14 6524
14 6525
14 6526
14 6527
14 6528
14 6529
14 6530
14 6531
14 6532
14 6533
14 6534
14 6535
14 6536
14 6537
14 6538
14 6539
14 6540
14 6541
14 6542
14 6543
14 6544
14 6545
14 6546
14 6547
14 6548
14 6549
14 6550
14 6551
14 6552
14 6553
14 6554
14 6555
14 6556
15 6557
15 6558
15 6559
15 6560
15 6561
15 6562
16 6563
16 6564
16 6565
16 6566
16 6567
16 6568
16 6569
16 6570
16 6571
16 6572
16 6573
16 6574
16 6575
16 6576
16 6577
16 6578
16 6579
16 6580
16 6581
16 6582
16 6583
16 6584
16 6585
16 6586
16 6587
16 6588
16 6589
16 6590
16 6591
17 6592
17 6593
17 6594
17 6595
17 6596
17 6597
17 6598
17 6599
17 6600
17 6601
17 6602
17 6603
17 6604
17 6605
17 6606
17 6607
17 6608
17 6609
17 6610
17 6611
17 6612
17 6613
17 6614
17 6615
17 6616
17 6617
17 6618
17 6619
17 6620
17 6621
17 6622
17 6623
17 6624
17 6625
17 6626
17 6627
17 6628
17 6629
17 6630
17 6631
17 6632
17 6633
17 6634
17 6635
17 6636
17 6637
17 6638
17 6639
17 6640
17 6641
17 6642
17 6643
17 6644
17 6645
17 6646
17 6647
17 6648
17 6649
17 6650
17 6651
17 6652
17 6653
17 6654
17 6655
17 6656
17 6657
17 6658
17 6659
17 6660
17 6661
17 6662
17 6663
17 6664
17 6665
17 6666
17 6667
17 6668
17 6669
17 6670
17 6671
17 6672
17 6673
17 6674
17 6675
17 6676
17 6677
17 6678
17 6679
17 6680
17 6681
17 6682
17 6683
17 6684
17 6685
17 6686
17 6687
17 6688
17 6689
17 6690
17 6691
17 6692
17 6693
17 6694
17 6695
17 6696
17 6697
17 6698
17 6699
17 6700
17 6701
17 6702
17 6703
17 6704
17 6705
17 6706
17 6707
17 6708
17 6709
17 6710
17 6711
17 6712
17 6713
17 6714
17 6715
17 6716
17 6717
17 6718
17 6719
17 6720
17 6721
17 6722
17 6723
17 6724
17 6725
17 6726
17 6727
17 6728
17 6729
17 6730
17 6731
17 6732
17 6733
17 6734
17 6735
17 6736
17 6737
17 6738
17 6739
17 6740
17 6741
17 6742
17 6743
17 6744
17 6745
17 6746
17 6747
17 6748
17 6749
17 6750
17 6751
17 6752
17 6753
17 6754
17 6755
17 6756
17 6757
17 6758
17 6759
17 6760
17 6761
17 6762
17 6763
17 6764
17 6765
17 6766
17 6767
17 6768
17 6769
17 6770
17 6771
17 6772
17 6773
17 6774
17 6775
17 6776
17 6777
17 6778
17 6779
17 6780
17 6781
17 6782
17 6783
17 6784
17 6785
17 6786
17 6787
17 6788
17 6789
17 6790
17 6791
17 6792
17 6793
17 6794
17 6795
17 6796
17 6797
17 6798
17 6799
17 6800
17 6801
17 6802
17 6803
17 6804
17 6805
17 6806
17 6807
17 6808
17 6809
17 6810
17 6811
17 6812
17 6813
17 6814
17 6815
17 6816
17 6817
17 6818
17 6819
17 6820
17 6821
17 6822
17 6823
17 6824
17 6825
17 6826
17 6827
17 6828
17 6829
17 6830
17 6831
17 6832
17 6833
17 6834
17 6835
17 6836
17 6837
17 6838
17 6839
17 6840
17 6841
17 6842
17 6843
17 6844
17 6845
17 6846
17 6847
17 6848
17 6849
17 6850
17 6851
17 6852
17 6853
17 6854
17 6855
17 6856
17 6857
17 6858
17 6859
17 6860
17 6861
17 6862
17 6863
17 6864
17 6865
17 6866
17 6867
17 6868
17 6869
17 6870
17 6871
17 6872
17 6873
17 6874
17 6875
17 6876
17 6877
17 6878
17 6879
17 6880
17 6881
17 6882
17 6883
17 6884
17 6885
17 6886
17 6887
17 6888
17 6889
17 6890
17 6891
17 6892
17 6893
17 6894
17 6895
17 6896
17 6897
17 6898
17 6899
17 6900
17 6901
17 6902
17 6903
17 6904
17 6905
17 6906
17 6907
17 6908
17 6909
17 6910
17 6911
17 6912
17 6913
17 6914
17 6915
17 6916
17 6917
17 6918
17 6919
17 6920
17 6921
17 6922
17 6923
17 6924
17 6925
17 6926
17 6927
17 6928
17 6929
17 6930
17 6931
17 6932
17 6933
17 6934
17 6935
17 6936
17 6937
17 6938
17 6939
17 6940
17 6941
17 6942
17 6943
17 6944
17 6945
17 6946
17 6947
17 6948
17 6949
17 6950
17 6951
17 6952
17 6953
17 6954
17 6955
17 6956
17 6957
17 6958
17 6959
17 6960
17 6961
17 6962
17 6963
17 6964
17 6965
17 6966
17 6967
17 6968
17 6969
17 6970
17 6971
17 6972
17 6973
17 6974
17 6975
17 6976
17 6977
17 6978
17 6979
17 6980
17 6981
17 6982
17 6983
17 6984
17 6985
17 6986
17 6987
17 6988
17 6989
17 6990
17 6991
17 6992
17 6993
17 6994
17 6995
17 6996
17 6997
17 6998
17 6999
17 7000
17 7001
17 7002
17 7003
17 7004
17 7005
17 7006
17 7007
17 7008
17 7009
17 7010
17 7011
17 7012
17 7013
17 7014
17 7015
17 7016
17 7017
17 7018
17 7019
17 7020
17 7021
17 7022
17 7023
17 7024
17 7025
17 7026
17 7027
17 7028
17 7029
17 7030
17 7031
17 7032
17 7033
17 7034
17 7035
17 7036
17 7037
17 7038
17 7039
17 7040
17 7041
17 7042
17 7043
17 7044
17 7045
17 7046
17 7047
17 7048
17 7049
17 7050
17 7051
17 7052
17 7053
17 7054
17 7055
17 7056
17 7057
17 7058
17 7059
17 7060
17 7061
17 7062
17 7063
17 7064
17 7065
17 7066
17 7067
17 7068
17 7069
17 7070
17 7071
17 7072
17 7073
17 7074
17 7075
17 7076
17 7077
17 7078
17 7079
17 7080
17 7081
17 7082
17 7083
17 7084
17 7085
17 7086
17 7087
17 7088
17 7089
17 7090
17 7091
17 7092
17 7093
17 7094
17 7095
17 7096
17 7097
17 7098
17 7099
17 7100
17 7101
17 7102
17 7103
17 7104
17 7105
17 7106
17 7107
17 7108
17 7109
17 7110
17 7111
17 7112
17 7113
17 7114
17 7115
17 7116
17 7117
17 7118
17 7119
17 7120
17 7121
17 7122
17 7123
17 7124
17 7125
17 7126
17 7127
17 7128
17 7129
17 7130
17 7131
17 7132
17 7133
17 7134
17 7135
17 7136
17 7137
17 7138
17 7139
17 7140
17 7141
17 7142
17 7143
17 7144
17 7145
17 7146
17 7147
17 7148
17 7149
17 7150
17 7151
17 7152
17 7153
17 7154
17 7155
17 7156
17 7157
17 7158
17 7159
17 7160
17 7161
17 7162
17 7163
17 7164
17 7165
17 7166
17 7167
17 7168
17 7169
17 7170
17 7171
17 7172
17 7173
17 7174
17 7175
18 7176
18 7177
18 7178
18 7179
18 7180
18 7181
18 7182
18 7183
18 7184
18 7185
19 7186
19 7187
19 7188
19 7189
19 7190
19 7191
19 7192
19 7193
19 7194
19 7195
20 7196
20 7197
20 7198
20 7199
20 7200
20 7201
20 7202
20 7203
20 7204
20 7205
20 7206
20 7207
20 7208
20 7209
20 7210
20 7211
20 7212
20 7213
20 7214
20 7215
20 7216
20 7217
20 7218
20 7219
20 7220
20 7221
20 7222
20 7223
20 7224
20 7225
20 7226
20 7227
20 7228
20 7229
20 7230
20 7231
20 7232
20 7233
20 7234
20 7235
20 7236
20 7237
20 7238
20 7239
20 7240
20 7241
20 7242
20 7243
20 7244
20 7245
20 7246
20 7247
20 7248
20 7249
20 7250
20 7251
20 7252
20 7253
20 7254
20 7255
20 7256
20 7257
20 7258
20 7259
20 7260
20 7261
20 7262
20 7263
20 7264
20 7265
20 7266
20 7267
20 7268
20 7269
20 7270
20 7271
20 7272
20 7273
20 7274
20 7275
20 7276
20 7277
20 7278
20 7279
20 7280
20 7281
20 7282
20 7283
20 7284
20 7285
20 7286
20 7287
20 7288
20 7289
20 7290
20 7291
20 7292
20 7293
20 7294
20 7295
20 7296
20 7297
20 7298
20 7299
20 7300
20 7301
20 7302
20 7303
20 7304
20 7305
20 7306
20 7307
20 7308
20 7309
20 7310
20 7311
20 7312
20 7313
20 7314
20 7315
20 7316
20 7317
20 7318
20 7319
20 7320
20 7321
20 7322
20 7323
20 7324
20 7325
20 7326
20 7327
20 7328
20 7329
20 7330
20 7331
20 7332
20 7333
20 7334
20 7335
20 7336
20 7337
20 7338
20 7339
20 7340
20 7341
20 7342
20 7343
20 7344
20 7345
20 7346
20 7347
20 7348
20 7349
20 7350
20 7351
20 7352
20 7353
20 7354
20 7355
20 7356
20 7357
20 7358
20 7359
20 7360
20 7361
20 7362
20 7363
20 7364
20 7365
20 7366
20 7367
20 7368
20 7369
20 7370
20 7371
20 7372
20 7373
20 7374
20 7375
20 7376
20 7377
20 7378
20 7379
20 7380
20 7381
20 7382
20 7383
20 7384
20 7385
20 7386
20 7387
20 7388
20 7389
20 7390
20 7391
20 7392
20 7393
20 7394
20 7395
20 7396
20 7397
20 7398
20 7399
20 7400
20 7401
20 7402
20 7403
20 7404
20 7405
20 7406
20 7407
20 7408
20 7409
20 7410
20 7411
20 7412
20 7413
20 7414
20 7415
20 7416
20 7417
20 7418
20 7419
20 7420
20 7421
20 7422
20 7423
20 7424
20 7425
20 7426
20 7427
20 7428
20 7429
20 7430
20 7431
20 7432
20 7433
20 7434
20 7435
20 7436
20 7437
20 7438
20 7439
20 7440
20 7441
20 7442
20 7443
20 7444
20 7445
20 7446
20 7447
20 7448
20 7449
20 7450
20 7451
20 7452
20 7453
20 7454
20 7455
20 7456
20 7457
20 7458
20 7459
20 7460
20 7461
20 7462
20 7463
20 7464
20 7465
20 7466
20 7467
20 7468
20 7469
20 7470
20 7471
20 7472
20 7473
20 7474
20 7475
20 7476
20 7477
20 7478
20 7479
20 7480
20 7481
20 7482
20 7483
20 7484
20 7485
20 7486
20 7487
20 7488
20 7489
20 7490
20 7491
20 7492
20 7493
20 7494
20 7495
20 7496
20 7497
20 7498
20 7499
20 7500
20 7501
20 7502
20 7503
20 7504
20 7505
20 7506
20 7507
20 7508
20 7509
20 7510
20 7511
20 7512
20 7513
20 7514
20 7515
20 7516
20 7517
20 7518
20 7519
20 7520
20 7521
20 7522
20 7523
20 7524
20 7525
20 7526
20 7527
20 7528
20 7529
20 7530
20 7531
20 7532
20 7533
20 7534
20 7535
20 7536
20 7537
20 7538
20 7539
20 7540
20 7541
20 7542
20 7543
20 7544
20 7545
20 7546
20 7547
20 7548
20 7549
20 7550
20 7551
20 7552
20 7553
20 7554
20 7555
20 7556
20 7557
20 7558
20 7559
20 7560
20 7561
20 7562
20 7563
20 7564
20 7565
20 7566
20 7567
20 7568
20 7569
20 7570
20 7571
20 7572
20 7573
20 7574
20 7575
20 7576
20 7577
20 7578
20 7579
20 7580
20 7581
20 7582
20 7583
20 7584
20 7585
20 7586
20 7587
20 7588
20 7589
20 7590
20 7591
20 7592
20 7593
20 7594
20 7595
20 7596
20 7597
20 7598
20 7599
20 7600
20 7601
20 7602
20 7603
20 7604
20 7605
20 7606
20 7607
20 7608
20 7609
20 7610
20 7611
20 7612
20 7613
20 7614
20 7615
20 7616
20 7617
20 7618
20 7619
20 7620
20 7621
20 7622
20 7623
20 7624
20 7625
20 7626
20 7627
20 7628
20 7629
20 7630
20 7631
20 7632
20 7633
20 7634
20 7635
20 7636
20 7637
20 7638
20 7639
20 7640
20 7641
20 7642
20 7643
20 7644
20 7645
20 7646
20 7647
20 7648
20 7649
20 7650
20 7651
20 7652
20 7653
20 7654
20 7655
20 7656
20 7657
20 7658
20 7659
20 7660
20 7661
20 7662
20 7663
20 7664
20 7665
20 7666
20 7667
20 7668
20 7669
20 7670
20 7671
20 7672
20 7673
20 7674
20 7675
20 7676
20 7677
20 7678
20 7679
20 7680
20 7681
20 7682
20 7683
20 7684
20 7685
20 7686
20 7687
20 7688
20 7689
20 7690
20 7691
20 7692
20 7693
20 7694
20 7695
20 7696
20 7697
20 7698
20 7699
20 7700
20 7701
20 7702
20 7703
20 7704
20 7705
20 7706
20 7707
20 7708
20 7709
20 7710
20 7711
20 7712
20 7713
20 7714
20 7715
20 7716
20 7717
20 7718
20 7719
20 7720
20 7721
20 7722
20 7723
20 7724
20 7725
20 7726
20 7727
20 7728
20 7729
20 7730
20 7731
20 7732
20 7733
20 7734
20 7735
20 7736
20 7737
20 7738
20 7739
20 7740
20 7741
20 7742
20 7743
20 7744
20 7745
20 7746
20 7747
20 7748
20 7749
20 7750
20 7751
20 7752
20 7753
20 7754
20 7755
20 7756
20 7757
20 7758
20 7759
20 7760
20 7761
20 7762
20 7763
20 7764
20 7765
20 7766
20 7767
20 7768
20 7769
20 7770
20 7771
20 7772
20 7773
20 7774
20 7775
20 7776
20 7777
20 7778
20 7779
20 7780
20 7781
20 7782
20 7783
20 7784
20 7785
20 7786
20 7787
20 7788
20 7789
20 7790
20 7791
20 7792
20 7793
20 7794
20 7795
20 7796
20 7797
20 7798
20 7799
20 7800
20 7801
20 7802
20 7803
20 7804
20 7805
20 7806
20 7807
20 7808
20 7809
20 7810
20 7811
20 7812
20 7813
20 7814
20 7815
20 7816
20 7817
20 7818
20 7819
20 7820
20 7821
20 7822
20 7823
20 7824
20 7825
20 7826
20 7827
20 7828
20 7829
20 7830
20 7831
20 7832
20 7833
20 7834
20 7835
20 7836
20 7837
20 7838
20 7839
20 7840
20 7841
20 7842
20 7843
20 7844
20 7845
20 7846
20 7847
20 7848
20 7849
20 7850
20 7851
20 7852
20 7853
20 7854
20 7855
20 7856
20 7857
20 7858
20 7859
20 7860
20 7861
20 7862
20 7863
20 7864
20 7865
20 7866
20 7867
20 7868
20 7869
20 7870
20 7871
20 7872
20 7873
20 7874
20 7875
20 7876
20 7877
20 7878
20 7879
20 7880
20 7881
20 7882
20 7883
20 7884
20 7885
20 7886
20 7887
20 7888
20 7889
20 7890
20 7891
20 7892
20 7893
20 7894
20 7895
20 7896
20 7897
20 7898
20 7899
20 7900
20 7901
20 7902
20 7903
20 7904
20 7905
20 7906
20 7907
20 7908
20 7909
20 7910
20 7911
20 7912
20 7913
20 7914
20 7915
20 7916
20 7917
20 7918
20 7919
20 7920
20 7921
20 7922
20 7923
20 7924
20 7925
20 7926
20 7927
20 7928
20 7929
20 7930
20 7931
20 7932
20 7933
20 7934
20 7935
20 7936
20 7937
20 7938
20 7939
20 7940
20 7941
20 7942
20 7943
20 7944
20 7945
20 7946
20 7947
20 7948
20 7949
20 7950
20 7951
20 7952
20 7953
20 7954
20 7955
20 7956
20 7957
20 7958
20 7959
20 7960
20 7961
20 7962
20 7963
20 7964
20 7965
20 7966
20 7967
20 7968
20 7969
20 7970
20 7971
20 7972
20 7973
20 7974
20 7975
20 7976
20 7977
20 7978
20 7979
20 7980
20 7981
20 7982
20 7983
20 7984
20 7985
20 7986
20 7987
20 7988
20 7989
20 7990
20 7991
20 7992
20 7993
20 7994
20 7995
20 7996
20 7997
20 7998
20 7999
20 8000
20 8001
20 8002
20 8003
20 8004
20 8005
20 8006
20 8007
20 8008
20 8009
20 8010
20 8011
20 8012
20 8013
20 8014
20 8015
20 8016
20 8017
20 8018
20 8019
20 8020
20 8021
20 8022
20 8023
20 8024
20 8025
20 8026
20 8027
20 8028
20 8029
20 8030
20 8031
20 8032
20 8033
20 8034
20 8035
20 8036
20 8037
20 8038
20 8039
20 8040
20 8041
20 8042
20 8043
20 8044
20 8045
20 8046
20 8047
20 8048
20 8049
20 8050
20 8051
20 8052
20 8053
20 8054
20 8055
20 8056
20 8057
20 8058
20 8059
20 8060
20 8061
20 8062
20 8063
20 8064
20 8065
20 8066
20 8067
20 8068
20 8069
20 8070
20 8071
20 8072
20 8073
20 8074
20 8075
20 8076
20 8077
20 8078
20 8079
20 8080
20 8081
20 8082
20 8083
20 8084
20 8085
20 8086
20 8087
20 8088
20 8089
20 8090
20 8091
20 8092
20 8093
20 8094
20 8095
20 8096
20 8097
20 8098
20 8099
20 8100
20 8101
20 8102
20 8103
20 8104
20 8105
20 8106
20 8107
20 8108
20 8109
20 8110
20 8111
20 8112
20 8113
20 8114
20 8115
20 8116
20 8117
20 8118
20 8119
20 8120
20 8121
20 8122
20 8123
20 8124
20 8125
20 8126
20 8127
20 8128
20 8129
20 8130
20 8131
20 8132
20 8133
20 8134
20 8135
20 8136
20 8137
20 8138
20 8139
20 8140
20 8141
20 8142
20 8143
20 8144
20 8145
20 8146
20 8147
20 8148
20 8149
20 8150
20 8151
20 8152
20 8153
20 8154
20 8155
20 8156
20 8157
20 8158
20 8159
20 8160
20 8161
20 8162
20 8163
20 8164
20 8165
20 8166
20 8167
20 8168
20 8169
20 8170
20 8171
20 8172
20 8173
20 8174
20 8175
20 8176
20 8177
20 8178
20 8179
20 8180
20 8181
20 8182
20 8183
20 8184
20 8185
20 8186
20 8187
20 8188
20 8189
20 8190
20 8191
20 8192
20 8193
20 8194
20 8195
20 8196
20 8197
20 8198
20 8199
20 8200
20 8201
20 8202
20 8203
20 8204
20 8205
20 8206
20 8207
20 8208
20 8209
20 8210
20 8211
20 8212
20 8213
20 8214
20 8215
20 8216
20 8217
20 8218
20 8219
20 8220
20 8221
20 8222
20 8223
20 8224
20 8225
20 8226
20 8227
20 8228
20 8229
20 8230
20 8231
20 8232
20 8233
20 8234
20 8235
20 8236
20 8237
20 8238
20 8239
20 8240
20 8241
20 8242
20 8243
20 8244
20 8245
20 8246
20 8247
20 8248
20 8249
20 8250
20 8251
20 8252
20 8253
20 8254
20 8255
20 8256
20 8257
20 8258
20 8259
20 8260
20 8261
20 8262
20 8263
20 8264
20 8265
20 8266
20 8267
20 8268
20 8269
20 8270
20 8271
20 8272
20 8273
20 8274
20 8275
20 8276
20 8277
20 8278
20 8279
20 8280
20 8281
20 8282
20 8283
20 8284
20 8285
20 8286
20 8287
20 8288
20 8289
20 8290
20 8291
20 8292
20 8293
20 8294
20 8295
20 8296
20 8297
20 8298
20 8299
20 8300
20 8301
20 8302
20 8303
20 8304
20 8305
20 8306
20 8307
20 8308
20 8309
20 8310
20 8311
20 8312
20 8313
20 8314
20 8315
20 8316
20 8317
20 8318
20 8319
20 8320
20 8321
20 8322
20 8323
20 8324
20 8325
20 8326
20 8327
20 8328
20 8329
20 8330
20 8331
20 8332
20 8333
20 8334
20 8335
20 8336
20 8337
20 8338
20 8339
20 8340
20 8341
20 8342
20 8343
20 8344
20 8345
20 8346
20 8347
20 8348
20 8349
20 8350
20 8351
20 8352
20 8353
20 8354
20 8355
20 8356
20 8357
20 8358
20 8359
20 8360
20 8361
20 8362
20 8363
20 8364
20 8365
20 8366
20 8367
20 8368
20 8369
20 8370
20 8371
20 8372
20 8373
20 8374
20 8375
20 8376
20 8377
20 8378
20 8379
20 8380
20 8381
20 8382
20 8383
20 8384
20 8385
20 8386
20 8387
20 8388
20 8389
20 8390
20 8391
20 8392
20 8393
20 8394
20 8395
20 8396
20 8397
20 8398
20 8399
20 8400
20 8401
20 8402
20 8403
20 8404
20 8405
20 8406
20 8407
20 8408
20 8409
20 8410
20 8411
20 8412
20 8413
20 8414
20 8415
20 8416
20 8417
20 8418
20 8419
20 8420
20 8421
20 8422
20 8423
20 8424
20 8425
20 8426
20 8427
20 8428
20 8429
20 8430
20 8431
20 8432
20 8433
20 8434
20 8435
20 8436
20 8437
20 8438
20 8439
20 8440
20 8441
20 8442
20 8443
20 8444
20 8445
20 8446
20 8447
20 8448
20 8449
20 8450
20 8451
20 8452
20 8453
20 8454
20 8455
20 8456
20 8457
20 8458
20 8459
20 8460
20 8461
20 8462
20 8463
20 8464
20 8465
20 8466
20 8467
20 8468
20 8469
20 8470
20 8471
20 8472
20 8473
20 8474
20 8475
20 8476
20 8477
20 8478
20 8479
20 8480
20 8481
20 8482
20 8483
20 8484
20 8485
20 8486
20 8487
20 8488
20 8489
20 8490
20 8491
20 8492
20 8493
20 8494
20 8495
20 8496
20 8497
20 8498
20 8499
20 8500
20 8501
20 8502
20 8503
20 8504
20 8505
20 8506
20 8507
20 8508
20 8509
20 8510
20 8511
20 8512
20 8513
20 8514
20 8515
20 8516
20 8517
20 8518
20 8519
20 8520
20 8521
20 8522
20 8523
20 8524
20 8525
20 8526
20 8527
20 8528
20 8529
20 8530
20 8531
20 8532
20 8533
20 8534
20 8535
20 8536
20 8537
20 8538
20 8539
20 8540
20 8541
20 8542
20 8543
20 8544
20 8545
20 8546
20 8547
20 8548
20 8549
20 8550
20 8551
20 8552
20 8553
20 8554
20 8555
20 8556
20 8557
20 8558
20 8559
20 8560
20 8561
20 8562
20 8563
20 8564
20 8565
20 8566
20 8567
20 8568
20 8569
20 8570
20 8571
20 8572
20 8573
20 8574
20 8575
20 8576
20 8577
20 8578
20 8579
20 8580
20 8581
20 8582
20 8583
20 8584
20 8585
20 8586
20 8587
20 8588
20 8589
20 8590
20 8591
20 8592
20 8593
20 8594
20 8595
20 8596
20 8597
20 8598
20 8599
20 8600
20 8601
20 8602
20 8603
20 8604
20 8605
20 8606
20 8607
20 8608
20 8609
20 8610
20 8611
20 8612
20 8613
20 8614
20 8615
20 8616
20 8617
20 8618
20 8619
20 8620
20 8621
20 8622
20 8623
20 8624
20 8625
20 8626
20 8627
20 8628
20 8629
20 8630
20 8631
20 8632
20 8633
20 8634
20 8635
20 8636
20 8637
20 8638
20 8639
20 8640
20 8641
20 8642
20 8643
20 8644
20 8645
20 8646
20 8647
20 8648
20 8649
20 8650
20 8651
20 8652
20 8653
20 8654
20 8655
20 8656
20 8657
20 8658
20 8659
20 8660
20 8661
20 8662
20 8663
20 8664
20 8665
20 8666
20 8667
20 8668
20 8669
20 8670
20 8671
20 8672
20 8673
20 8674
20 8675
20 8676
20 8677
20 8678
20 8679
20 8680
20 8681
20 8682
20 8683
20 8684
20 8685
20 8686
20 8687
20 8688
20 8689
20 8690
20 8691
20 8692
20 8693
20 8694
20 8695
20 8696
20 8697
20 8698
20 8699
20 8700
20 8701
20 8702
20 8703
20 8704
20 8705
20 8706
20 8707
20 8708
20 8709
20 8710
20 8711
20 8712
20 8713
20 8714
20 8715
20 8716
20 8717
20 8718
20 8719
20 8720
20 8721
20 8722
20 8723
20 8724
20 8725
20 8726
20 8727
20 8728
20 8729
20 8730
20 8731
20 8732
20 8733
20 8734
20 8735
20 8736
20 8737
20 8738
20 8739
20 8740
20 8741
20 8742
20 8743
20 8744
20 8745
20 8746
20 8747
20 8748
20 8749
20 8750
20 8751
20 8752
20 8753
20 8754
20 8755
20 8756
20 8757
20 8758
20 8759
20 8760
20 8761
20 8762
20 8763
20 8764
20 8765
20 8766
20 8767
20 8768
20 8769
20 8770
20 8771
20 8772
20 8773
20 8774
20 8775
20 8776
20 8777
20 8778
20 8779
20 8780
20 8781
20 8782
20 8783
20 8784
20 8785
20 8786
20 8787
20 8788
20 8789
20 8790
20 8791
20 8792
20 8793
20 8794
20 8795
20 8796
20 8797
20 8798
20 8799
20 8800
20 8801
20 8802
20 8803
20 8804
20 8805
20 8806
20 8807
20 8808
20 8809
20 8810
20 8811
20 8812
20 8813
20 8814
20 8815
20 8816
20 8817
20 8818
20 8819
20 8820
20 8821
20 8822
20 8823
20 8824
20 8825
20 8826
20 8827
20 8828
20 8829
20 8830
20 8831
20 8832
20 8833
20 8834
20 8835
20 8836
20 8837
20 8838
20 8839
20 8840
20 8841
20 8842
20 8843
20 8844
20 8845
20 8846
20 8847
20 8848
20 8849
20 8850
20 8851
20 8852
20 8853
20 8854
20 8855
20 8856
20 8857
20 8858
20 8859
20 8860
20 8861
20 8862
20 8863
20 8864
20 8865
20 8866
20 8867
20 8868
20 8869
20 8870
20 8871
20 8872
20 8873
20 8874
20 8875
20 8876
20 8877
20 8878
20 8879
20 8880
20 8881
20 8882
20 8883
20 8884
20 8885
20 8886
20 8887
20 8888
20 8889
20 8890
20 8891
20 8892
20 8893
20 8894
20 8895
20 8896
20 8897
20 8898
20 8899
20 8900
20 8901
20 8902
20 8903
20 8904
20 8905
20 8906
20 8907
20 8908
20 8909
20 8910
20 8911
20 8912
20 8913
20 8914
20 8915
20 8916
20 8917
20 8918
20 8919
20 8920
20 8921
20 8922
20 8923
20 8924
20 8925
20 8926
20 8927
20 8928
20 8929
20 8930
20 8931
20 8932
20 8933
20 8934
20 8935
20 8936
20 8937
20 8938
20 8939
20 8940
20 8941
20 8942
20 8943
20 8944
20 8945
20 8946
20 8947
20 8948
20 8949
20 8950
20 8951
20 8952
20 8953
20 8954
20 8955
20 8956
20 8957
20 8958
20 8959
20 8960
20 8961
20 8962
20 8963
20 8964
20 8965
20 8966
20 8967
20 8968
20 8969
20 8970
20 8971
20 8972
20 8973
20 8974
20 8975
20 8976
20 8977
20 8978
20 8979
20 8980
20 8981
20 8982
20 8983
20 8984
20 8985
20 8986
20 8987
20 8988
20 8989
20 8990
20 8991
20 8992
20 8993
20 8994
20 8995
20 8996
20 8997
20 8998
20 8999
20 9000
20 9001
20 9002
20 9003
20 9004
20 9005
20 9006
20 9007
20 9008
20 9009
20 9010
20 9011
20 9012
20 9013
20 9014
20 9015
20 9016
20 9017
20 9018
20 9019
20 9020
20 9021
20 9022
20 9023
20 9024
20 9025
20 9026
20 9027
20 9028
20 9029
20 9030
20 9031
20 9032
20 9033
20 9034
20 9035
20 9036
20 9037
20 9038
20 9039
20 9040
20 9041
20 9042
20 9043
20 9044
20 9045
20 9046
20 9047
20 9048
20 9049
20 9050
20 9051
20 9052
20 9053
20 9054
20 9055
20 9056
20 9057
20 9058
20 9059
20 9060
20 9061
20 9062
20 9063
20 9064
20 9065
20 9066
20 9067
20 9068
20 9069
20 9070
20 9071
20 9072
20 9073
20 9074
20 9075
20 9076
20 9077
20 9078
20 9079
20 9080
20 9081
20 9082
20 9083
20 9084
20 9085
20 9086
20 9087
20 9088
20 9089
20 9090
20 9091
20 9092
20 9093
20 9094
20 9095
20 9096
20 9097
20 9098
20 9099
20 9100
20 9101
20 9102
20 9103
20 9104
20 9105
20 9106
20 9107
20 9108
20 9109
20 9110
20 9111
20 9112
20 9113
20 9114
20 9115
20 9116
20 9117
20 9118
20 9119
20 9120
20 9121
20 9122
20 9123
20 9124
20 9125
20 9126
20 9127
20 9128
20 9129
20 9130
20 9131
20 9132
20 9133
20 9134
20 9135
20 9136
20 9137
20 9138
20 9139
20 9140
20 9141
20 9142
20 9143
20 9144
20 9145
20 9146
20 9147
20 9148
20 9149
20 9150
20 9151
20 9152
20 9153
20 9154
20 9155
20 9156
20 9157
20 9158
20 9159
20 9160
20 9161
20 9162
20 9163
20 9164
20 9165
20 9166
20 9167
20 9168
20 9169
20 9170
20 9171
20 9172
20 9173
20 9174
20 9175
20 9176
20 9177
20 9178
20 9179
20 9180
20 9181
20 9182
20 9183
20 9184
20 9185
20 9186
20 9187
20 9188
20 9189
20 9190
20 9191
20 9192
20 9193
20 9194
20 9195
20 9196
20 9197
20 9198
20 9199
20 9200
20 9201
20 9202
20 9203
20 9204
20 9205
20 9206
20 9207
20 9208
20 9209
20 9210
20 9211
20 9212
20 9213
20 9214
20 9215
20 9216
20 9217
20 9218
20 9219
20 9220
20 9221
20 9222
20 9223
20 9224
20 9225
20 9226
20 9227
20 9228
20 9229
20 9230
20 9231
20 9232
20 9233
20 9234
20 9235
20 9236
20 9237
20 9238
20 9239
20 9240
20 9241
20 9242
20 9243
20 9244
20 9245
20 9246
20 9247
20 9248
20 9249
20 9250
20 9251
20 9252
20 9253
20 9254
20 9255
20 9256
20 9257
20 9258
20 9259
20 9260
20 9261
20 9262
20 9263
20 9264
20 9265
20 9266
20 9267
20 9268
20 9269
20 9270
20 9271
20 9272
20 9273
20 9274
20 9275
20 9276
20 9277
20 9278
20 9279
20 9280
20 9281
20 9282
20 9283
20 9284
20 9285
20 9286
20 9287
20 9288
20 9289
20 9290
20 9291
20 9292
20 9293
20 9294
20 9295
20 9296
20 9297
20 9298
20 9299
20 9300
20 9301
20 9302
20 9303
20 9304
20 9305
20 9306
20 9307
20 9308
20 9309
20 9310
20 9311
20 9312
20 9313
20 9314
20 9315
20 9316
20 9317
20 9318
20 9319
20 9320
20 9321
20 9322
20 9323
20 9324
20 9325
20 9326
20 9327
20 9328
20 9329
20 9330
20 9331
20 9332
20 9333
20 9334
20 9335
20 9336
20 9337
20 9338
20 9339
20 9340
21 9341
21 9342
21 9343
21 9344
21 9345
21 9346
21 9347
21 9348
21 9349
21 9350
22 9351
22 9352
22 9353
22 9354
22 9355
23 9356
23 9357
23 9358
23 9359
23 9360
24 9361
24 9362
24 9363
24 9364
24 9365
24 9366
24 9367
24 9368
24 9369
24 9370
24 9371
24 9372
24 9373
24 9374
24 9375
24 9376
24 9377
24 9378
24 9379
24 9380
24 9381
24 9382
24 9383
24 9384
24 9385
24 9386
24 9387
24 9388
24 9389
24 9390
24 9391
24 9392
24 9393
24 9394
24 9395
24 9396
24 9397
24 9398
24 9399
24 9400
24 9401
24 9402
24 9403
24 9404
24 9405
24 9406
24 9407
24 9408
24 9409
24 9410
24 9411
24 9412
24 9413
24 9414
24 9415
24 9416
24 9417
24 9418
24 9419
24 9420
24 9421
24 9422
24 9423
24 9424
24 9425
24 9426
24 9427
24 9428
24 9429
24 9430
24 9431
24 9432
24 9433
24 9434
24 9435
24 9436
24 9437
24 9438
24 9439
24 9440
24 9441
24 9442
24 9443
24 9444
24 9445
24 9446
24 9447
24 9448
24 9449
24 9450
24 9451
24 9452
24 9453
24 9454
24 9455
24 9456
24 9457
24 9458
24 9459
24 9460
24 9461
24 9462
24 9463
24 9464
24 9465
24 9466
24 9467
24 9468
24 9469
24 9470
24 9471
24 9472
24 9473
24 9474
24 9475
24 9476
24 9477
24 9478
24 9479
24 9480
24 9481
24 9482
24 9483
24 9484
24 9485
24 9486
24 9487
24 9488
24 9489
24 9490
24 9491
24 9492
24 9493
24 9494
24 9495
24 9496
24 9497
24 9498
24 9499
24 9500
24 9501
24 9502
24 9503
24 9504
24 9505
24 9506
24 9507
24 9508
24 9509
24 9510
24 9511
24 9512
24 9513
24 9514
24 9515
24 9516
24 9517
24 9518
24 9519
24 9520
24 9521
24 9522
24 9523
24 9524
24 9525
24 9526
24 9527
24 9528
24 9529
24 9530
24 9531
24 9532
24 9533
24 9534
24 9535
24 9536
24 9537
24 9538
24 9539
24 9540
24 9541
24 9542
24 9543
24 9544
24 9545
24 9546
24 9547
24 9548
24 9549
24 9550
24 9551
24 9552
24 9553
24 9554
24 9555
24 9556
24 9557
24 9558
24 9559
24 9560
24 9561
24 9562
24 9563
24 9564
24 9565
24 9566
24 9567
24 9568
24 9569
24 9570
24 9571
24 9572
24 9573
24 9574
24 9575
24 9576
24 9577
24 9578
24 9579
24 9580
24 9581
24 9582
24 9583
24 9584
24 9585
24 9586
24 9587
24 9588
24 9589
25 9590
25 9591
25 9592
25 9593
25 9594
25 9595
25 9596
26 9597
26 9598
26 9599
26 9600
26 9601
26 9602
26 9603
26 9604
26 9605
26 9606
26 9607
26 9608
26 9609
26 9610
26 9611
26 9612
26 9613
26 9614
26 9615
26 9616
26 9617
26 9618
26 9619
26 9620
27 9621
27 9622
27 9623
27 9624
27 9625
27 9626
27 9627
27 9628
27 9629
27 9630
27 9631
27 9632
27 9633
27 9634
27 9635
27 9636
27 9637
27 9638
27 9639
27 9640
27 9641
27 9642
27 9643
27 9644
27 9645
27 9646
27 9647
27 9648
27 9649
27 9650
27 9651
27 9652
27 9653
27 9654
27 9655
27 9656
27 9657
27 9658
27 9659
27 9660
27 9661
27 9662
27 9663
27 9664
27 9665
27 9666
27 9667
27 9668
27 9669
27 9670
27 9671
27 9672
27 9673
27 9674
27 9675
27 9676
27 9677
27 9678
27 9679
27 9680
27 9681
27 9682
27 9683
27 9684
27 9685
27 9686
27 9687
27 9688
27 9689
27 9690
27 9691
27 9692
27 9693
27 9694
27 9695
27 9696
27 9697
27 9698
28 9699
28 9700
28 9701
28 9702
28 9703
28 9704
28 9705
28 9706
28 9707
28 9708
28 9709
28 9710
28 9711
28 9712
28 9713
28 9714
28 9715
28 9716
28 9717
28 9718
28 9719
28 9720
28 9721
28 9722
28 9723
28 9724
28 9725
28 9726
28 9727
28 9728
28 9729
28 9730
28 9731
28 9732
28 9733
28 9734
28 9735
28 9736
28 9737
28 9738
28 9739
28 9740
28 9741
28 9742
28 9743
28 9744
28 9745
28 9746
28 9747
28 9748
28 9749
28 9750
28 9751
28 9752
28 9753
28 9754
28 9755
28 9756
28 9757
28 9758
28 9759
28 9760
28 9761
28 9762
28 9763
28 9764
28 9765
28 9766
28 9767
28 9768
28 9769
28 9770
28 9771
28 9772
28 9773
28 9774
28 9775
28 9776
28 9777
28 9778
28 9779
28 9780
28 9781
28 9782
28 9783
28 9784
28 9785
28 9786
28 9787
28 9788
28 9789
28 9790
28 9791
28 9792
28 9793
28 9794
28 9795
28 9796
28 9797
28 9798
28 9799
28 9800
28 9801
28 9802
28 9803
28 9804
28 9805
28 9806
28 9807
28 9808
28 9809
28 9810
28 9811
28 9812
28 9813
28 9814
28 9815
28 9816
28 9817
28 9818
28 9819
28 9820
28 9821
28 9822
28 9823
28 9824
28 9825
28 9826
28 9827
28 9828
28 9829
28 9830
28 9831
28 9832
28 9833
28 9834
28 9835
28 9836
28 9837
28 9838
28 9839
28 9840
28 9841
28 9842
28 9843
28 9844
28 9845
28 9846
28 9847
28 9848
28 9849
28 9850
28 9851
28 9852
28 9853
28 9854
28 9855
28 9856
28 9857
28 9858
28 9859
28 9860
28 9861
28 9862
28 9863
28 9864
28 9865
28 9866
28 9867
28 9868
28 9869
28 9870
28 9871
28 9872
28 9873
28 9874
28 9875
28 9876
28 9877
28 9878
28 9879
28 9880
28 9881
28 9882
28 9883
28 9884
28 9885
28 9886
28 9887
28 9888
28 9889
28 9890
28 9891
28 9892
28 9893
28 9894
28 9895
28 9896
28 9897
28 9898
28 9899
28 9900
28 9901
28 9902
28 9903
28 9904
28 9905
28 9906
28 9907
28 9908
28 9909
28 9910
28 9911
28 9912
28 9913
28 9914
28 9915
28 9916
28 9917
28 9918
28 9919
28 9920
28 9921
28 9922
28 9923
28 9924
28 9925
28 9926
28 9927
28 9928
28 9929
28 9930
28 9931
28 9932
28 9933
28 9934
28 9935
28 9936
28 9937
28 9938
28 9939
28 9940
28 9941
28 9942
28 9943
28 9944
28 9945
28 9946
28 9947
28 9948
28 9949
28 9950
28 9951
28 9952
28 9953
28 9954
28 9955
28 9956
28 9957
28 9958
28 9959
28 9960
28 9961
28 9962
28 9963
28 9964
28 9965
28 9966
28 9967
28 9968
28 9969
28 9970
28 9971
28 9972
28 9973
28 9974
28 9975
28 9976
28 9977
28 9978
28 9979
28 9980
28 9981
28 9982
28 9983
28 9984
28 9985
28 9986
28 9987
28 9988
28 9989
28 9990
28 9991
28 9992
28 9993
28 9994
28 9995
28 9996
28 9997
28 9998
28 9999
28 10000
28 10001
28 10002
28 10003
28 10004
28 10005
28 10006
28 10007
28 10008
28 10009
28 10010
28 10011
28 10012
28 10013
28 10014
28 10015
28 10016
28 10017
28 10018
28 10019
28 10020
28 10021
28 10022
28 10023
28 10024
28 10025
28 10026
28 10027
28 10028
28 10029
28 10030
28 10031
28 10032
28 10033
28 10034
28 10035
28 10036
28 10037
28 10038
28 10039
28 10040
28 10041
28 10042
28 10043
28 10044
28 10045
28 10046
28 10047
28 10048
28 10049
28 10050
28 10051
28 10052
28 10053
28 10054
28 10055
28 10056
28 10057
28 10058
28 10059
28 10060
28 10061
28 10062
28 10063
28 10064
28 10065
28 10066
28 10067
28 10068
28 10069
28 10070
28 10071
28 10072
28 10073
28 10074
28 10075
28 10076
28 10077
28 10078
28 10079
28 10080
28 10081
28 10082
28 10083
28 10084
28 10085
28 10086
28 10087
28 10088
28 10089
28 10090
28 10091
28 10092
28 10093
28 10094
28 10095
28 10096
28 10097
28 10098
28 10099
28 10100
28 10101
28 10102
28 10103
28 10104
28 10105
28 10106
28 10107
28 10108
28 10109
28 10110
28 10111
28 10112
28 10113
28 10114
28 10115
28 10116
28 10117
28 10118
28 10119
28 10120
28 10121
28 10122
28 10123
28 10124
28 10125
28 10126
28 10127
28 10128
28 10129
28 10130
28 10131
28 10132
28 10133
28 10134
28 10135
28 10136
28 10137
28 10138
28 10139
28 10140
28 10141
28 10142
28 10143
28 10144
28 10145
28 10146
28 10147
28 10148
28 10149
28 10150
28 10151
28 10152
28 10153
28 10154
28 10155
28 10156
28 10157
28 10158
28 10159
28 10160
28 10161
28 10162
28 10163
28 10164
28 10165
28 10166
28 10167
28 10168
28 10169
28 10170
28 10171
28 10172
28 10173
28 10174
28 10175
28 10176
28 10177
28 10178
28 10179
28 10180
28 10181
28 10182
28 10183
28 10184
28 10185
28 10186
28 10187
28 10188
28 10189
28 10190
28 10191
28 10192
28 10193
28 10194
28 10195
28 10196
28 10197
28 10198
28 10199
28 10200
28 10201
28 10202
28 10203
28 10204
28 10205
28 10206
28 10207
28 10208
28 10209
28 10210
28 10211
28 10212
28 10213
28 10214
28 10215
28 10216
28 10217
28 10218
28 10219
28 10220
28 10221
28 10222
28 10223
28 10224
28 10225
28 10226
28 10227
28 10228
28 10229
28 10230
28 10231
28 10232
28 10233
28 10234
28 10235
28 10236
28 10237
28 10238
28 10239
28 10240
28 10241
28 10242
28 10243
28 10244
28 10245
28 10246
28 10247
28 10248
28 10249
28 10250
28 10251
28 10252
28 10253
28 10254
28 10255
28 10256
28 10257
28 10258
28 10259
28 10260
28 10261
28 10262
28 10263
28 10264
28 10265
28 10266
28 10267
28 10268
28 10269
28 10270
28 10271
28 10272
28 10273
28 10274
28 10275
28 10276
28 10277
28 10278
28 10279
28 10280
28 10281
28 10282
28 10283
28 10284
28 10285
28 10286
28 10287
28 10288
28 10289
28 10290
28 10291
28 10292
28 10293
28 10294
28 10295
28 10296
28 10297
28 10298
28 10299
28 10300
28 10301
28 10302
28 10303
28 10304
28 10305
28 10306
28 10307
28 10308
28 10309
28 10310
28 10311
28 10312
28 10313
28 10314
28 10315
28 10316
28 10317
28 10318
28 10319
28 10320
28 10321
28 10322
28 10323
28 10324
28 10325
28 10326
28 10327
28 10328
28 10329
28 10330
28 10331
28 10332
28 10333
28 10334
28 10335
28 10336
28 10337
28 10338
28 10339
28 10340
28 10341
28 10342
28 10343
28 10344
28 10345
28 10346
28 10347
28 10348
28 10349
28 10350
28 10351
28 10352
28 10353
28 10354
28 10355
28 10356
28 10357
28 10358
28 10359
28 10360
28 10361
28 10362
28 10363
28 10364
28 10365
28 10366
28 10367
28 10368
28 10369
28 10370
28 10371
28 10372
28 10373
28 10374
28 10375
28 10376
28 10377
28 10378
28 10379
28 10380
28 10381
28 10382
28 10383
28 10384
28 10385
28 10386
28 10387
28 10388
28 10389
28 10390
28 10391
28 10392
28 10393
28 10394
28 10395
28 10396
28 10397
28 10398
28 10399
28 10400
28 10401
28 10402
28 10403
28 10404
28 10405
28 10406
28 10407
28 10408
28 10409
28 10410
28 10411
28 10412
28 10413
28 10414
28 10415
28 10416
28 10417
28 10418
28 10419
28 10420
28 10421
28 10422
28 10423
28 10424
28 10425
28 10426
28 10427
28 10428
28 10429
28 10430
28 10431
28 10432
28 10433
28 10434
28 10435
28 10436
28 10437
28 10438
28 10439
28 10440
28 10441
28 10442
28 10443
28 10444
28 10445
28 10446
28 10447
28 10448
28 10449
28 10450
28 10451
28 10452
28 10453
28 10454
28 10455
28 10456
28 10457
28 10458
28 10459
28 10460
28 10461
28 10462
28 10463
28 10464
28 10465
28 10466
28 10467
28 10468
28 10469
28 10470
28 10471
28 10472
28 10473
28 10474
28 10475
28 10476
28 10477
28 10478
28 10479
28 10480
28 10481
28 10482
28 10483
28 10484
28 10485
28 10486
28 10487
28 10488
28 10489
28 10490
28 10491
28 10492
28 10493
28 10494
28 10495
28 10496
28 10497
28 10498
28 10499
28 10500
28 10501
28 10502
28 10503
28 10504
28 10505
28 10506
28 10507
28 10508
28 10509
28 10510
28 10511
28 10512
28 10513
28 10514
28 10515
28 10516
28 10517
28 10518
28 10519
28 10520
28 10521
28 10522
28 10523
28 10524
28 10525
28 10526
28 10527
28 10528
28 10529
28 10530
28 10531
28 10532
28 10533
28 10534
28 10535
28 10536
28 10537
28 10538
28 10539
28 10540
28 10541
28 10542
28 10543
28 10544
28 10545
28 10546
28 10547
28 10548
28 10549
28 10550
28 10551
28 10552
28 10553
28 10554
28 10555
28 10556
28 10557
28 10558
28 10559
